% Model:              Untitled.mph
% Version:            COMSOL 6.0.0.405
% Date:               Sep 29 2022, 16:44
% Dimension:          1
% Nodes:              241
% Expressions:        1
% Description:        Global
% -E_time (V)             Value
-0.3                      1.3713089680900028E-8
-0.295                    4.282966444705657E-9
-0.29                     6.193803207273893E-9
-0.285                    6.605245034931977E-9
-0.27999999999999997      7.496620372572538E-9
-0.27499999999999997      8.813810630843639E-9
-0.27                     1.0710605305686178E-8
-0.265                    1.2937976098288924E-8
-0.26                     1.558549565515212E-8
-0.255                    1.8844060810189885E-8
-0.25                     2.282749873419435E-8
-0.245                    2.7659940390555872E-8
-0.24                     3.352986019672866E-8
-0.235                    4.0667311200232665E-8
-0.22999999999999998      4.93390053989618E-8
-0.22499999999999998      5.990145721323613E-8
-0.21999999999999997      7.262380621791987E-8
-0.215                    8.810968921236414E-8
-0.21                     1.0692724351390171E-7
-0.20500000000000002      1.2977095872266078E-7
-0.2                      1.5749896484887678E-7
-0.195                    1.9115101770552304E-7
-0.19                     2.3198714405308138E-7
-0.185                    2.815344938984441E-7
-0.18                     3.41643027109823E-7
-0.175                    4.1455281130286155E-7
-0.16999999999999998      5.02975073683206E-7
-0.16499999999999998      6.101895871335587E-7
-0.16                     7.401614666296229E-7
-0.15499999999999997      8.976809168784645E-7
-0.15                     1.0885299653082018E-6
-0.14500000000000002      1.319680702604467E-6
-0.13999999999999999      1.599529983098525E-6
-0.13499999999999998      1.938175831212201E-6
-0.13                     2.3477408359333075E-6
-0.12500000000000003      2.8427474101040183E-6
-0.12                     3.4405486784167018E-6
-0.11499999999999999      4.161816557692231E-6
-0.11000000000000001      5.031084778458186E-6
-0.10499999999999998      6.077338458501878E-6
-0.1                      7.3346324553390585E-6
-0.095                    8.842706955013265E-6
-0.09                     1.0647549285230022E-5
-0.08500000000000002      1.2801824428962346E-5
-0.07999999999999999      1.536506210883327E-5
-0.07500000000000001      1.840344544732234E-5
-0.06999999999999998      2.198899679360557E-5
-0.065                    2.6197905413390106E-5
-0.06                     3.11076997545252E-5
-0.05499999999999999      3.6792951797145E-5
-0.05000000000000002      4.33192394463908E-5
-0.044999999999999984     5.073522017153525E-5
-0.03999999999999998      5.9062922994765454E-5
-0.034999999999999976     6.828677367584723E-5
-0.02999999999999997      7.834242309815658E-5
-0.025000000000000022     8.910708166046355E-5
-0.020000000000000018     1.0039361478158317E-4
-0.015000000000000013     1.1195088167809584E-4
-0.009999999999999953     1.2347242504883767E-4
-0.0050000000000000044    1.3461445563375736E-4
0                         1.4502218026688608E-4
0.0050000000000000044     1.5436130540413817E-4
0.009999999999999953      1.6234972421081832E-4
0.015000000000000013      1.687837237172897E-4
0.020000000000000018      1.7355395586695805E-4
0.024999999999999967      1.7664871559864832E-4
0.030000000000000027      1.7814498728473238E-4
0.03500000000000003       1.7819025469650312E-4
0.03999999999999998       1.7697945973407526E-4
0.044999999999999984      1.7473152752033546E-4
0.04999999999999993       1.7166886253217989E-4
0.05499999999999999       1.6800173906570242E-4
0.06                      1.6391809918139613E-4
0.06500000000000006       1.5957825475382053E-4
0.07                      1.5511345025519363E-4
0.07500000000000001       1.5062710023010971E-4
0.07999999999999996       1.461976271884937E-4
0.08499999999999996       1.4188205626264355E-4
0.09000000000000002       1.377197761746749E-4
0.09499999999999997       1.3373609843506676E-4
0.09999999999999998       1.2994541756311705E-4
0.10499999999999998       1.263538936101344E-4
0.10999999999999999       1.2296165286396186E-4
0.11499999999999999       1.1976454450275189E-4
0.12                      1.1675551055974096E-4
0.12499999999999994       1.13925632151119E-4
0.12999999999999995       1.1126491248652232E-4
0.13500000000000006       1.0876285072547794E-4
0.14                      1.0640885275757929E-4
0.14500000000000002       1.0419251691009636E-4
0.14999999999999997       1.0210473575166938E-4
0.15499999999999997       1.0013824411862966E-4
0.16000000000000003       9.828024639779575E-5
0.16499999999999998       9.652045535362554E-5
0.16999999999999998       9.485299386964867E-5
0.175                     9.327188483615809E-5
0.18                      9.17701710930098E-5
0.185                     9.034159431475861E-5
0.19                      8.898089285730218E-5
0.19499999999999995       8.768319389876782E-5
0.19999999999999996       8.644388110756675E-5
0.20500000000000002       8.525875708224122E-5
0.21000000000000002       8.412404174804938E-5
0.21500000000000002       8.303627637255812E-5
0.22000000000000003       8.199228455224781E-5
0.22500000000000003       8.098916564037176E-5
0.23000000000000004       8.002427206204964E-5
0.23500000000000004       7.909517924937183E-5
0.24000000000000005       7.819966363111153E-5
0.24499999999999994       7.733568552881535E-5
0.24999999999999994       7.650137193201903E-5
0.25500000000000006       7.569500006121336E-5
0.25999999999999995       7.491498311613033E-5
0.26499999999999996       7.415985771543568E-5
0.26999999999999996       7.342827241667724E-5
0.27499999999999997       7.271897731346416E-5
0.2800000000000001        7.203081474392788E-5
0.2850000000000001        7.136271096421724E-5
0.29                      7.071366864438262E-5
0.295                     7.008276011245994E-5
0.3                       6.946912128165946E-5
0.295                     6.886789521884041E-5
0.29                      6.828304606717073E-5
0.2850000000000001        6.771533994221505E-5
0.2800000000000001        6.716179473571642E-5
0.2750000000000001        6.662104943165499E-5
0.26999999999999996       6.609320951679456E-5
0.26499999999999996       6.557783121779135E-5
0.25999999999999995       6.507401153668484E-5
0.25500000000000006       6.458107204885126E-5
0.25000000000000006       6.409850316499041E-5
0.24499999999999994       6.362572383572865E-5
0.23999999999999994       6.316209202385065E-5
0.23499999999999993       6.270697101221144E-5
0.22999999999999993       6.22597112381284E-5
0.22500000000000003       6.181961349575658E-5
0.22000000000000003       6.138591731835774E-5
0.21500000000000002       6.0957791832229904E-5
0.21000000000000002       6.05343146399383E-5
0.20500000000000002       6.011444538029309E-5
0.20000000000000012       5.969699741756822E-5
0.19499999999999995       5.928060424295313E-5
0.19                      5.886367807235337E-5
0.185                     5.844436000393985E-5
0.18                      5.802046044584925E-5
0.17500000000000004       5.758938755397817E-5
0.16999999999999993       5.714806119612028E-5
0.16499999999999992       5.6692809761292286E-5
0.15999999999999998       5.6219246643685976E-5
0.15499999999999997       5.572212269304511E-5
0.14999999999999997       5.519515045604241E-5
0.14500000000000002       5.463079559975611E-5
0.14                      5.402003054235582E-5
0.13500000000000006       5.335204514002502E-5
0.13000000000000006       5.261390945094299E-5
0.1250000000000001        5.1790184329629154E-5
0.12                      5.086063795270069E-5
0.11499999999999999       4.981088665983801E-5
0.10999999999999999       4.8607903450778027E-5
0.10500000000000004       4.722222243518437E-5
0.10000000000000003       4.5619025278140595E-5
0.09499999999999992       4.375696954106348E-5
0.09000000000000008       4.158852146944583E-5
0.08499999999999996       3.905963559942848E-5
0.07999999999999996       3.610973609316039E-5
0.07500000000000001       3.2672223773848194E-5
0.07                      2.8675675939495303E-5
0.06500000000000006       2.4046005961763645E-5
0.06000000000000005       1.870986895457766E-5
0.05499999999999994       1.2599578299821378E-5
0.0500000000000001        5.659711104747086E-6
0.044999999999999984      -2.1446077071211603E-6
0.04000000000000015       -1.0818067396588497E-5
0.03500000000000003       -2.0324938649622452E-5
0.029999999999999916      -3.057946523973729E-5
0.025000000000000022      -4.1439695031158475E-5
0.019999999999999907      -5.270422764488995E-5
0.015000000000000069      -6.41160412171855E-5
0.009999999999999953      -7.537506667426851E-5
0.0050000000000000044     -8.615873298789936E-5
0                         -9.614660787740413E-5
-0.0050000000000000044    -1.0504744531815042E-4
-0.009999999999999953     -1.1262527941010193E-4
-0.014999999999999958     -1.1871913038131935E-4
-0.020000000000000073     -1.2325277617258946E-4
-0.02499999999999991      -1.2623396188488935E-4
-0.030000000000000027     -1.277444595777408E-4
-0.034999999999999865     -1.279236787277689E-4
-0.03999999999999998      -1.2694920569592924E-4
-0.045000000000000095     -1.2501752900904756E-4
-0.04999999999999993      -1.2232737184159447E-4
-0.05500000000000008      -1.1906695288706315E-4
-0.06000000000000005      -1.1540551523718295E-4
-0.06500000000000003      -1.1148875063554833E-4
-0.07                     -1.0743734270203138E-4
-0.07500000000000001      -1.0334773284549113E-4
-0.07999999999999999      -9.929428370170948E-5
-0.0850000000000001       -9.53321700862806E-5
-0.08999999999999994      -9.15005026121959E-5
-0.09500000000000006      -8.782535660733789E-5
-0.0999999999999999       -8.432251992156324E-5
-0.10500000000000001      -8.099987479874546E-5
-0.11000000000000013      -7.785939250949058E-5
-0.11499999999999999      -7.48987563752962E-5
-0.1200000000000001       -7.211264988680683E-5
-0.12499999999999994      -6.949375712173956E-5
-0.13000000000000006      -6.703352490605624E-5
-0.13500000000000004      -6.472273261518916E-5
-0.14000000000000004      -6.255190926125775E-5
-0.14500000000000002      -6.0511631015646145E-5
-0.15                     -5.859272659190574E-5
-0.15499999999999997      -5.678641289460835E-5
-0.1600000000000001       -5.508437879527094E-5
-0.16499999999999995      -5.3478830910094756E-5
-0.17000000000000007      -5.196251200575087E-5
-0.1749999999999999       -5.052870012926437E-5
-0.18000000000000002      -4.917175816066257E-5
-0.18500000000000014      -4.78865369016042E-5
-0.19                     -4.666644979838944E-5
-0.19500000000000012      -4.5506017685329026E-5
-0.19999999999999996      -4.440144163879682E-5
-0.20500000000000007      -4.334910747014144E-5
-0.21000000000000005      -4.2345238491506046E-5
-0.21500000000000002      -4.1386405211205715E-5
-0.22000000000000003      -4.046961954960425E-5
-0.22499999999999998      -3.959213085612412E-5
-0.22999999999999998      -3.875136627741363E-5
-0.2350000000000001       -3.7944970943160326E-5
-0.23999999999999994      -3.717080068441529E-5
-0.24500000000000005      -3.642688422732452E-5
-0.2499999999999999       -3.571140321444404E-5
-0.255                    -3.502268395777096E-5
-0.2600000000000001       -3.435918526005217E-5
-0.26499999999999996      -3.371948433781286E-5
-0.2700000000000001       -3.310226568083285E-5
-0.27499999999999997      -3.250631195811898E-5
-0.2800000000000001       -3.193049528136425E-5
-0.28500000000000003      -3.1373769001758E-5
-0.29000000000000004      -3.0835160470858944E-5
-0.295                    -3.0313764616762283E-5
-0.3                      -2.980873811761995E-5
