% Model:              Untitled.mph
% Version:            COMSOL 6.0.0.405
% Date:               Sep 30 2022, 10:44
% Dimension:          1
% Nodes:              241
% Expressions:        1
% Description:        Global
% -E_time (V)             Value
-0.3                      3.795416789456851E-10
-0.295                    4.884940601489301E-9
-0.29                     5.1348544473986775E-9
-0.285                    5.482853983684433E-9
-0.27999999999999997      6.192482946831942E-9
-0.27499999999999997      7.1822156527051175E-9
-0.27                     8.52797221116925E-9
-0.265                    1.0142843019303646E-8
-0.26                     1.2063374838140541E-8
-0.255                    1.4378141421280393E-8
-0.25                     1.7159282861163633E-8
-0.245                    2.048329112913423E-8
-0.24                     2.4451436724884544E-8
-0.235                    2.9186043328076147E-8
-0.22999999999999998      3.482837290477495E-8
-0.22499999999999998      4.1544502889455996E-8
-0.21999999999999997      4.9551027520764025E-8
-0.215                    5.902565103480947E-8
-0.21                     7.027571066213004E-8
-0.20500000000000002      8.362579808618227E-8
-0.2                      9.94491876214238E-8
-0.195                    1.1818624159094321E-7
-0.19                     1.4035347778524978E-7
-0.185                    1.6655550183860716E-7
-0.18                     1.974993177333617E-7
-0.175                    2.340107735466637E-7
-0.16999999999999998      2.7705352772769717E-7
-0.16499999999999998      3.277508954679828E-7
-0.16                     3.874109625130182E-7
-0.15499999999999997      4.5755541051596425E-7
-0.15                     5.399525504763734E-7
-0.14500000000000002      6.366551143465313E-7
-0.13999999999999999      7.500434098772861E-7
-0.13499999999999998      8.828744980398821E-7
-0.13                     1.0383381031356027E-6
-0.12500000000000003      1.2201200089968798E-6
-0.12                     1.4324737248194002E-6
-0.11499999999999999      1.6803012133010913E-6
-0.11000000000000001      1.9692434512266634E-6
-0.10499999999999998      2.305781524122322E-6
-0.1                      2.697348823151979E-6
-0.095                    3.1524546892492587E-6
-0.09                     3.680819504507388E-6
-0.08500000000000002      4.293520723253958E-6
-0.07999999999999999      5.003148613691708E-6
-0.07500000000000001      5.823969482143466E-6
-0.06999999999999998      6.772092799224172E-6
-0.065                    7.865636850520009E-6
-0.06                     9.124885191201257E-6
-0.05499999999999999      1.0572423183819174E-5
-0.05000000000000002      1.223324013114152E-5
-0.044999999999999984     1.4134777886800967E-5
-0.03999999999999998      1.6306901282212202E-5
-0.034999999999999976     1.8781759274944633E-5
-0.02999999999999997      2.1593498564454025E-5
-0.025000000000000022     2.47777839142876E-5
-0.020000000000000018     2.8371072263059184E-5
-0.015000000000000013     3.2409582042402455E-5
-0.009999999999999953     3.6927896675736565E-5
-0.0050000000000000044    4.195714444503742E-5
0                         4.752270900136226E-5
0.0050000000000000044     5.364144968647744E-5
0.009999999999999953      6.031845284588977E-5
0.015000000000000013      6.754339843887448E-5
0.020000000000000018      7.52867128823552E-5
0.024999999999999967      8.349578807631887E-5
0.030000000000000027      9.209167078618374E-5
0.03500000000000003       1.0096675008311824E-4
0.03999999999999998       1.0998406664292196E-4
0.044999999999999984      1.1897889897279137E-4
0.04999999999999993       1.2776320420616457E-4
0.05499999999999999       1.3613326478961111E-4
0.06                      1.4388049709596228E-4
0.06500000000000006       1.508048339105165E-4
0.07                      1.5672947714943656E-4
0.07500000000000001       1.6151526721641044E-4
0.07999999999999996       1.650726055742173E-4
0.08499999999999996       1.6736895756339835E-4
0.09000000000000002       1.6843052930910464E-4
0.09499999999999997       1.6833768845151998E-4
0.09999999999999998       1.6721486059001383E-4
0.10499999999999998       1.652166615489816E-4
0.10999999999999999       1.625126188910114E-4
0.11499999999999999       1.5927283657153773E-4
0.12                      1.5565641465739664E-4
0.12499999999999994       1.5180357928061956E-4
0.12999999999999995       1.478316017922279E-4
0.13500000000000006       1.4383392846595877E-4
0.14                      1.3988160872578545E-4
0.14500000000000002       1.3602607437565866E-4
0.14999999999999997       1.3230248080570175E-4
0.15499999999999997       1.2873305743554318E-4
0.16000000000000003       1.253301430277575E-4
0.16499999999999998       1.2209875881815643E-4
0.16999999999999998       1.190386893259217E-4
0.175                     1.1614610638569577E-4
0.18                      1.1341480148642722E-4
0.185                     1.108370989105428E-4
0.19                      1.0840451780654512E-4
0.19499999999999995       1.0610824185569601E-4
0.19999999999999996       1.0393944441877677E-4
0.20500000000000002       1.0189029026353073E-4
0.21000000000000002       9.995488934348407E-5
0.21500000000000002       9.812171481237149E-5
0.22000000000000003       9.638133209943366E-5
0.22500000000000003       9.472859276626971E-5
0.23000000000000004       9.315832309902104E-5
0.23500000000000004       9.166428329314195E-5
0.24000000000000005       9.024076644693347E-5
0.24499999999999994       8.888297900923195E-5
0.24999999999999994       8.758647706702889E-5
0.25500000000000006       8.634701359853065E-5
0.25999999999999995       8.516069492325766E-5
0.26499999999999996       8.402399571787721E-5
0.26999999999999996       8.293367353429015E-5
0.27499999999999997       8.188673174231414E-5
0.2800000000000001        8.088041637432111E-5
0.2850000000000001        7.991219902806567E-5
0.29                      7.897975121693176E-5
0.295                     7.808092545627253E-5
0.3                       7.721374108701082E-5
0.295                     7.629327186747075E-5
0.29                      7.54422042019488E-5
0.2850000000000001        7.463293584208797E-5
0.2800000000000001        7.384595746520769E-5
0.2750000000000001        7.307992439091383E-5
0.26999999999999996       7.233632968362147E-5
0.26499999999999996       7.161259903139214E-5
0.25999999999999995       7.090540061415188E-5
0.25500000000000006       7.021282766455313E-5
0.25000000000000006       6.953342168023232E-5
0.24499999999999994       6.886537357865296E-5
0.23999999999999994       6.820672972360204E-5
0.23499999999999993       6.755559637174994E-5
0.22999999999999993       6.691004186450196E-5
0.22500000000000003       6.626799456893766E-5
0.22000000000000003       6.562723344735197E-5
0.21500000000000002       6.498537988315647E-5
0.21000000000000002       6.433985932406649E-5
0.20500000000000002       6.368786024511665E-5
0.20000000000000012       6.302630007166321E-5
0.19499999999999995       6.235178978223294E-5
0.19                      6.166059471973054E-5
0.185                     6.094859500741878E-5
0.18                      6.0211247594122955E-5
0.17500000000000004       5.944355067276104E-5
0.16999999999999993       5.864001224649816E-5
0.16499999999999992       5.779462568216879E-5
0.15999999999999998       5.690085550291988E-5
0.15499999999999997       5.595163709304449E-5
0.14999999999999997       5.493939455455147E-5
0.14500000000000002       5.385608136481975E-5
0.14                      5.269324857114563E-5
0.13500000000000006       5.144214496424546E-5
0.13000000000000006       5.0093852889596434E-5
0.1250000000000001        4.8639461953505864E-5
0.12                      4.707028079158308E-5
0.11499999999999999       4.5378084310279276E-5
0.10999999999999999       4.3555390506903654E-5
0.10500000000000004       4.159575735960812E-5
0.10000000000000003       3.949408671831107E-5
0.09499999999999992       3.724691907648152E-5
0.09000000000000008       3.485270105348428E-5
0.08499999999999996       3.2312006813983885E-5
0.07999999999999996       2.9627695807037387E-5
0.07500000000000001       2.6804992222484838E-5
0.07                      2.385147627699876E-5
0.06500000000000006       2.0776983434152112E-5
0.06000000000000005       1.7593414308857125E-5
0.05499999999999994       1.4314464560899446E-5
0.0500000000000001        1.0955289809206509E-5
0.044999999999999984      7.532124886561065E-6
0.04000000000000015       4.061879201693459E-6
0.03500000000000003       5.617304224408019E-7
0.029999999999999916      -2.9512627148527424E-6
0.025000000000000022      -6.460510602892339E-6
0.019999999999999907      -9.95019200953802E-6
0.015000000000000069      -1.3405492395009102E-5
0.009999999999999953      -1.681276263081836E-5
0.0050000000000000044     -2.0159700736117943E-5
0                         -2.3435333234142264E-5
-0.0050000000000000044    -2.6630089220887555E-5
-0.009999999999999953     -2.973567670894469E-5
-0.014999999999999958     -3.274484717160069E-5
-0.020000000000000073     -3.565163401551014E-5
-0.02499999999999991      -3.8450954638113086E-5
-0.030000000000000027     -4.1138679971426345E-5
-0.034999999999999865     -4.371139157128417E-5
-0.03999999999999998      -4.616623162849732E-5
-0.045000000000000095     -4.8500743331406823E-5
-0.04999999999999993      -5.071284385144186E-5
-0.05500000000000008      -5.280077886244567E-5
-0.06000000000000005      -5.4763038019151396E-5
-0.06500000000000003      -5.6598279221882116E-5
-0.07                     -5.830529665233683E-5
-0.07500000000000001      -5.9883026917880484E-5
-0.07999999999999999      -6.133056544165763E-5
-0.0850000000000001       -6.264718667537032E-5
-0.08999999999999994      -6.383237563198294E-5
-0.09500000000000006      -6.48858706615E-5
-0.0999999999999999       -6.580771281885684E-5
-0.10500000000000001      -6.659829871297458E-5
-0.11000000000000013      -6.725843487007951E-5
-0.11499999999999999      -6.778938926792484E-5
-0.1200000000000001       -6.819293499380434E-5
-0.12499999999999994      -6.847138470315878E-5
-0.13000000000000006      -6.862761633488949E-5
-0.13500000000000004      -6.866508923778216E-5
-0.14000000000000004      -6.858784717292778E-5
-0.14500000000000002      -6.840050530570102E-5
-0.15                     -6.810822127651802E-5
-0.15499999999999997      -6.771665282254656E-5
-0.1600000000000001       -6.723190444338592E-5
-0.16499999999999995      -6.666046419011106E-5
-0.17000000000000007      -6.600913102882575E-5
-0.1749999999999999       -6.528493407745452E-5
-0.18000000000000002      -6.449504662338923E-5
-0.18500000000000014      -6.364669876109013E-5
-0.19                     -6.27470921660936E-5
-0.19500000000000012      -6.180331939724183E-5
-0.19999999999999996      -6.0822289147488343E-5
-0.20500000000000007      -5.9810658562796945E-5
-0.21000000000000005      -5.8774773931809105E-5
-0.21500000000000002      -5.7720621144999974E-5
-0.22000000000000003      -5.6653786962417955E-5
-0.22499999999999998      -5.557943137552608E-5
-0.22999999999999998      -5.450227056305215E-5
-0.2350000000000001       -5.3426569444042104E-5
-0.23999999999999994      -5.235614269881099E-5
-0.24500000000000005      -5.1294363193844723E-5
-0.2499999999999999       -5.024417678620137E-5
-0.255                    -4.9208122405218394E-5
-0.2600000000000001       -4.818835619491735E-5
-0.26499999999999996      -4.71866784822564E-5
-0.2700000000000001       -4.6204562457185685E-5
-0.27499999999999997      -4.524318364046706E-5
-0.2800000000000001       -4.4303449383962435E-5
-0.28500000000000003      -4.33860277695418E-5
-0.29000000000000004      -4.249137538058209E-5
-0.295                    -4.1619763546653024E-5
-0.3                      -4.077130280222981E-5
