% Model:              Untitled.mph
% Version:            COMSOL 6.0.0.405
% Date:               Sep 29 2022, 16:48
% Dimension:          1
% Nodes:              241
% Expressions:        1
% Description:        Global
% -E_time (V)             Value
-0.3                      1.4090497638818546E-8
-0.295                    4.233566000726997E-9
-0.29                     6.200351449834377E-9
-0.285                    6.605279048052667E-9
-0.27999999999999997      7.497076446125907E-9
-0.27499999999999997      8.815345082839386E-9
-0.27                     1.0712934352408078E-8
-0.265                    1.294082231826829E-8
-0.26                     1.5589116255941932E-8
-0.255                    1.884880241100314E-8
-0.25                     2.2833622666994863E-8
-0.245                    2.7667793471194724E-8
-0.24                     3.353995506970016E-8
-0.235                    4.068030335915005E-8
-0.22999999999999998      4.935571555686611E-8
-0.22499999999999998      5.992296560918778E-8
-0.21999999999999997      7.265134775093708E-8
-0.215                    8.814509618018358E-8
-0.21                     1.0697276502686289E-7
-0.20500000000000002      1.298294685912908E-7
-0.2                      1.5757416380140878E-7
-0.195                    1.9124765551556827E-7
-0.19                     2.3211131569441374E-7
-0.185                    2.8169401927923574E-7
-0.18                     3.4184793553409364E-7
-0.175                    4.148159604112431E-7
-0.16999999999999998      5.033129392777039E-7
-0.16499999999999998      6.106232696943818E-7
-0.16                     7.40717972037071E-7
-0.15499999999999997      8.983947830698141E-7
-0.15                     1.0894453237825264E-6
-0.14500000000000002      1.3208538841236722E-6
-0.13999999999999999      1.6010328007220003E-6
-0.13499999999999998      1.9400997006803746E-6
-0.13                     2.3502019224614593E-6
-0.12500000000000003      2.8458930198485173E-6
-0.12                     3.444565138481199E-6
-0.11499999999999999      4.166938844120513E-6
-0.11000000000000001      5.0376081468223245E-6
-0.10499999999999998      6.085632290391624E-6
-0.1                      7.345156432523667E-6
-0.095                    8.856029477594337E-6
-0.09                     1.0664367715308904E-5
-0.08500000000000002      1.2822986209974969E-5
-0.07999999999999999      1.5391585017366807E-5
-0.07500000000000001      1.843653411667111E-5
-0.06999999999999998      2.2030051171432886E-5
-0.065                    2.624851501484655E-5
-0.06                     3.1169615620010555E-5
-0.05499999999999999      3.6868026361759164E-5
-0.05000000000000002      4.3409323800562735E-5
-0.044999999999999984     5.0842009538623986E-5
-0.03999999999999998      5.918774606185464E-5
-0.034999999999999976     6.843033102197233E-5
-0.02999999999999997      7.850449492384615E-5
-0.025000000000000022     8.928624403957537E-5
-0.020000000000000018     1.0058702251250096E-4
-0.015000000000000013     1.1215418710048748E-4
-0.009999999999999953     1.236798968504057E-4
-0.0050000000000000044    1.3481933293381477E-4
0                         1.4521724601125924E-4
0.0050000000000000044     1.5453960155947775E-4
0.009999999999999953      1.625052811166772E-4
0.015000000000000013      1.6891215955448292E-4
0.020000000000000018      1.7365283025131239E-4
0.024999999999999967      1.7671758533548563E-4
0.030000000000000027      1.7818518779761164E-4
0.03500000000000003       1.7820448973566088E-4
0.03999999999999998       1.7697130733261294E-4
0.044999999999999984      1.7470496114856831E-4
0.04999999999999993       1.716278552850297E-4
0.05499999999999999       1.679499816895241E-4
0.06                      1.6385883211595352E-4
0.06500000000000006       1.5951419551702177E-4
0.07                      1.5504679002035143E-4
0.07500000000000001       1.5055954397361396E-4
0.07999999999999996       1.4613045649864147E-4
0.08499999999999996       1.4181619986170763E-4
0.09000000000000002       1.3765587869270801E-4
0.09499999999999997       1.3367458225713521E-4
0.09999999999999998       1.2988653554503061E-4
0.10499999999999998       1.262977723159858E-4
0.10999999999999999       1.2290832700929524E-4
0.11499999999999999       1.197139837618311E-4
0.12                      1.1670764002910914E-4
0.12499999999999994       1.1388034770640542E-4
0.12999999999999995       1.1122209212416786E-4
0.13500000000000006       1.0872236280529409E-4
0.14                      1.0637056188854459E-4
0.14500000000000002       1.0415628806642119E-4
0.14999999999999997       1.0207043678717639E-4
0.15499999999999997       1.0010573917249218E-4
0.16000000000000003       9.824941579404262E-5
0.16499999999999998       9.64911923987808E-5
0.16999999999999998       9.482519399425408E-5
0.175                     9.32454470022285E-5
0.18                      9.174500226632037E-5
0.185                     9.031760905266244E-5
0.19                      8.895801152743122E-5
0.19499999999999995       8.766134243676181E-5
0.19999999999999996       8.642299116357229E-5
0.20500000000000002       8.523876562041112E-5
0.21000000000000002       8.410489051223347E-5
0.21500000000000002       8.301791153859429E-5
0.22000000000000003       8.197465643850944E-5
0.22500000000000003       8.097222837953235E-5
0.23000000000000004       8.000798327980425E-5
0.23500000000000004       7.907949978238662E-5
0.24000000000000005       7.818455726959108E-5
0.24499999999999994       7.73211187731936E-5
0.24999999999999994       7.64873137676533E-5
0.25500000000000006       7.568142175312683E-5
0.25999999999999995       7.49018580211273E-5
0.26499999999999996       7.414716110946802E-5
0.26999999999999996       7.341598133680195E-5
0.27499999999999997       7.270707041354223E-5
0.2800000000000001        7.201927216281623E-5
0.2850000000000001        7.1351514205337E-5
0.29                      7.070280046574355E-5
0.295                     7.007220442626964E-5
0.3                       6.945886306266619E-5
0.295                     6.885797073473819E-5
0.29                      6.827343314220713E-5
0.2850000000000001        6.770599834811764E-5
0.2800000000000001        6.715271349424979E-5
0.2750000000000001        6.66122271286958E-5
0.26999999999999996       6.60846363705366E-5
0.26499999999999996       6.556949614140922E-5
0.25999999999999995       6.506590805027118E-5
0.25500000000000006       6.457319563617748E-5
0.25000000000000006       6.409084924297707E-5
0.24499999999999994       6.361828862821546E-5
0.23999999999999994       6.31548732219968E-5
0.23499999999999993       6.269996751376342E-5
0.22999999999999993       6.225292299560837E-5
0.22500000000000003       6.181304168492531E-5
0.22000000000000003       6.13795644899187E-5
0.21500000000000002       6.0951661984555287E-5
0.21000000000000002       6.052841332241123E-5
0.20500000000000002       6.010877984598479E-5
0.20000000000000012       5.969157679058599E-5
0.19499999999999995       5.9275439695201836E-5
0.19                      5.885878302009189E-5
0.185                     5.8439750323657183E-5
0.18                      5.801615470227959E-5
0.17500000000000004       5.7585407233727275E-5
0.16999999999999993       5.7144430938301516E-5
0.16499999999999992       5.668955757047473E-5
0.15999999999999998       5.621640406288599E-5
0.15499999999999997       5.571972490496146E-5
0.14999999999999997       5.519323626733706E-5
0.14500000000000002       5.4629407244644035E-5
0.14                      5.4019213216874385E-5
0.13500000000000006       5.3351846145216005E-5
0.13000000000000006       5.261437677946148E-5
0.1250000000000001        5.179136447346734E-5
0.12                      5.08625721606097E-5
0.11499999999999999       4.981360873995533E-5
0.10999999999999999       4.8611428146700005E-5
0.10500000000000004       4.7226541099572306E-5
0.10000000000000003       4.5624091453620476E-5
0.09499999999999992       4.3762681987555654E-5
0.09000000000000008       4.159470264966362E-5
0.08499999999999996       3.906600385317973E-5
0.07999999999999996       3.6115871106001415E-5
0.07500000000000001       3.267752525134179E-5
0.07                      2.867931639354926E-5
0.06500000000000006       2.404688028745365E-5
0.06000000000000005       1.8706546064620273E-5
0.05499999999999994       1.2590263544506676E-5
0.0500000000000001        5.642232271683862E-6
0.044999999999999984      -2.1727741222073898E-6
0.04000000000000015       -1.0859710676466654E-5
0.03500000000000003       -2.0382951459680797E-5
0.029999999999999916      -3.0656604518775166E-5
0.025000000000000022      -4.1538241884329326E-5
0.019999999999999907      -5.282558603035227E-5
0.015000000000000069      -6.426040046171755E-5
0.009999999999999953      -7.554109697683025E-5
0.0050000000000000044     -8.634343764442467E-5
0                         -9.634540716080155E-5
-0.0050000000000000044    -1.0525450066443396E-4
-0.009999999999999953     -1.1283401498496468E-4
-0.014999999999999958     -1.1892286849796243E-4
-0.020000000000000073     -1.2344536873300487E-4
-0.02499999999999991      -1.2641030594471263E-4
-0.030000000000000027     -1.2790082378045096E-4
-0.034999999999999865     -1.2805781763815705E-4
-0.03999999999999998      -1.2706028533744559E-4
-0.045000000000000095     -1.2510591698663254E-4
-0.04999999999999993      -1.2239435514532676E-4
-0.05500000000000008      -1.1911444023626099E-4
-0.06000000000000005      -1.1543576548244613E-4
-0.06500000000000003      -1.115041506169403E-4
-0.07                     -1.0744024227104348E-4
-0.07500000000000001      -1.0334033417626854E-4
-0.07999999999999999      -9.927857637666668E-5
-0.0850000000000001       -9.530990135960884E-5
-0.08999999999999994      -9.147317250529795E-5
-0.09500000000000006      -8.779422908405687E-5
-0.0999999999999999       -8.42886434135337E-5
-0.10500000000000001      -8.096410720330857E-5
-0.11000000000000013      -7.782242730527114E-5
-0.11499999999999999      -7.486114773448862E-5
-0.1200000000000001       -7.207483562128674E-5
-0.12499999999999994      -6.945607896563997E-5
-0.13000000000000006      -6.699624603734505E-5
-0.13500000000000004      -6.468605252917308E-5
-0.14000000000000004      -6.251597621280788E-5
-0.14500000000000002      -6.047655229970961E-5
-0.15                     -5.855857695551701E-5
-0.15499999999999997      -5.67532413722717E-5
-0.1600000000000001       -5.5052214237197766E-5
-0.16499999999999995      -5.344768643764134E-5
-0.17000000000000007      -5.1932388589953445E-5
-0.1749999999999999       -5.049958945316E-5
-0.18000000000000002      -4.9143645534928626E-5
-0.18500000000000014      -4.785939788716468E-5
-0.19                     -4.664025922833952E-5
-0.19500000000000012      -4.548075121958131E-5
-0.19999999999999996      -4.437707217020142E-5
-0.20500000000000007      -4.3325605006125604E-5
-0.21000000000000005      -4.232257242077168E-5
-0.21500000000000002      -4.136454527451658E-5
-0.22000000000000003      -4.044853565192438E-5
-0.22499999999999998      -3.957179311385358E-5
-0.22999999999999998      -3.873174537634249E-5
-0.2350000000000001       -3.792603835257485E-5
-0.23999999999999994      -3.715252869919562E-5
-0.24500000000000005      -3.640924600515418E-5
-0.2499999999999999       -3.5694372834004285E-5
-0.255                    -3.500623645138787E-5
-0.2600000000000001       -3.4343296617631356E-5
-0.26499999999999996      -3.370413150207931E-5
-0.2700000000000001       -3.308742653853715E-5
-0.27499999999999997      -3.2491965323172415E-5
-0.2800000000000001       -3.191662087054853E-5
-0.28500000000000003      -3.136034740676721E-5
-0.29000000000000004      -3.082217312905483E-5
-0.295                    -3.0301193781592772E-5
-0.3                      -2.9796566829135177E-5
