% Model:              Untitled.mph
% Version:            COMSOL 6.0.0.405
% Date:               Sep 30 2022, 00:28
% Dimension:          1
% Nodes:              241
% Expressions:        1
% Description:        Global
% -E_time (V)             Value
-0.3                      8.922760057450774E-10
-0.295                    5.1466647371377505E-9
-0.29                     5.7231628581616554E-9
-0.285                    6.066120671891293E-9
-0.27999999999999997      6.893236602633208E-9
-0.27499999999999997      8.05888525655489E-9
-0.27                     9.676629062826079E-9
-0.265                    1.160416494393034E-8
-0.26                     1.3897798856885055E-8
-0.255                    1.6687102810787688E-8
-0.25                     2.006673721385585E-8
-0.245                    2.413723115449105E-8
-0.24                     2.9038001991807907E-8
-0.235                    3.493883990544972E-8
-0.22999999999999998      4.203668002156438E-8
-0.22499999999999998      5.0566174462998294E-8
-0.21999999999999997      6.083777395258837E-8
-0.215                    7.309688112714481E-8
-0.21                     8.781378923757332E-8
-0.20500000000000002      1.0546778075906159E-7
-0.2                      1.266190752099116E-7
-0.195                    1.519408957730901E-7
-0.19                     1.8223370759084904E-7
-0.185                    2.1844702636029503E-7
-0.18                     2.61706103815075E-7
-0.175                    3.133428886235919E-7
-0.16999999999999998      3.74932158424361E-7
-0.16499999999999998      4.483335991315573E-7
-0.16                     5.357406663591323E-7
-0.15499999999999997      6.397371807745843E-7
-0.15                     7.633627055466776E-7
-0.14500000000000002      9.101878426664006E-7
-0.13999999999999999      1.0844006615081917E-6
-0.13499999999999998      1.2909055260741807E-6
-0.13                     1.5354356022240602E-6
-0.12500000000000003      1.8246802825400675E-6
-0.12                     2.166428636644828E-6
-0.11499999999999999      2.5697297417729353E-6
-0.11000000000000001      3.0450703233861372E-6
-0.10499999999999998      3.6045694752304367E-6
-0.1                      4.262189251459033E-6
-0.095                    5.03395852876203E-6
-0.09                     5.938205599433521E-6
-0.08500000000000002      6.99579232897052E-6
-0.07999999999999999      8.230339224726038E-6
-0.07500000000000001      9.668426232140763E-6
-0.06999999999999998      1.1339748321462104E-5
-0.065                    1.3277197801746784E-5
-0.06                     1.5516836732438645E-5
-0.05499999999999999      1.8097712883961857E-5
-0.05000000000000002      2.1061461782185265E-5
-0.044999999999999984     2.445162622869003E-5
-0.03999999999999998      2.8312614700985245E-5
-0.034999999999999976     3.2688213419666924E-5
-0.02999999999999997      3.761956689588459E-5
-0.025000000000000022     4.314255292745883E-5
-0.020000000000000018     4.928450595937279E-5
-0.015000000000000013     5.6060293907651636E-5
-0.009999999999999953     6.346783418088884E-5
-0.0050000000000000044    7.148324884217157E-5
0                         8.005600575680994E-5
0.0050000000000000044     8.910456244682928E-5
0.009999999999999953      9.851319952055228E-5
0.015000000000000013      1.081308623207433E-4
0.020000000000000018      1.177728689026723E-4
0.024999999999999967      1.2722622770622527E-4
0.030000000000000027      1.3625898591560469E-4
0.03500000000000003       1.44633479979905E-4
0.03999999999999998       1.521226262330251E-4
0.044999999999999984      1.5852759762168832E-4
0.04999999999999993       1.6369458443199716E-4
0.05499999999999999       1.6752806620002077E-4
0.06                      1.6999831099699542E-4
0.06500000000000006       1.7114170392752421E-4
0.07                      1.7105382245991254E-4
0.07500000000000001       1.6987657578528903E-4
0.07999999999999996       1.6778179863876234E-4
0.08499999999999996       1.6495412744384409E-4
0.09000000000000002       1.6157570882416927E-4
0.09499999999999997       1.5781447011162144E-4
0.09999999999999998       1.5381664718581346E-4
0.10499999999999998       1.4970334735354436E-4
0.10999999999999999       1.455703311140457E-4
0.11499999999999999       1.4148996969265854E-4
0.12                      1.3751439441470013E-4
0.12499999999999994       1.3367906975560848E-4
0.12999999999999995       1.3000627881857085E-4
0.13500000000000006       1.2650823594890443E-4
0.14                      1.231897070848393E-4
0.14500000000000002       1.200501237381768E-4
0.14999999999999997       1.1708523383453288E-4
0.15499999999999997       1.1428835737632992E-4
0.16000000000000003       1.1165132005250519E-4
0.16499999999999998       1.0916513279258828E-4
0.16999999999999998       1.068204757252321E-4
0.175                     1.0460803440848772E-4
0.18                      1.0251955179688643E-4
0.185                     1.0054814112190407E-4
0.19                      9.86792669012383E-5
0.19499999999999995       9.690979723654748E-5
0.19999999999999996       9.523317553237743E-5
0.20500000000000002       9.363995152221516E-5
0.21000000000000002       9.212390385615832E-5
0.21500000000000002       9.068063998334679E-5
0.22000000000000003       8.930512046681603E-5
0.22500000000000003       8.799221206586217E-5
0.23000000000000004       8.673753264806073E-5
0.23500000000000004       8.55372183050089E-5
0.24000000000000005       8.438760756815872E-5
0.24499999999999994       8.328528869043045E-5
0.24999999999999994       8.222716868190095E-5
0.25500000000000006       8.121042381340668E-5
0.25999999999999995       8.02324469340104E-5
0.26499999999999996       7.929083561177237E-5
0.26999999999999996       7.838338296876014E-5
0.27499999999999997       7.750805758503108E-5
0.2800000000000001        7.66629848389466E-5
0.2850000000000001        7.584643370494547E-5
0.29                      7.505680485075236E-5
0.295                     7.429261867546755E-5
0.3                       7.355250448391882E-5
0.295                     7.280315617985152E-5
0.29                      7.208116941324685E-5
0.2850000000000001        7.13974271259579E-5
0.2800000000000001        7.073272973991142E-5
0.2750000000000001        7.008044932664926E-5
0.26999999999999996       6.944540701766238E-5
0.26499999999999996       6.882795385447915E-5
0.25999999999999995       6.822469033564541E-5
0.25500000000000006       6.763390606962133E-5
0.25000000000000006       6.705519072830208E-5
0.24499999999999994       6.648758165719688E-5
0.23999999999999994       6.592969070285117E-5
0.23499999999999993       6.538028294233544E-5
0.22999999999999993       6.483820113132964E-5
0.22500000000000003       6.430215324131006E-5
0.22000000000000003       6.37707116974828E-5
0.21500000000000002       6.324235054909296E-5
0.21000000000000002       6.271541071743264E-5
0.20500000000000002       6.218804984773356E-5
0.20000000000000012       6.16582099780637E-5
0.19499999999999995       6.1123583663573E-5
0.19                      6.058156746251259E-5
0.185                     6.0029208189283864E-5
0.18                      5.946314449920562E-5
0.17500000000000004       5.887954132348444E-5
0.16999999999999993       5.827401583246044E-5
0.16499999999999992       5.764155546609237E-5
0.15999999999999998       5.697642862428261E-5
0.15499999999999997       5.627208866649452E-5
0.14999999999999997       5.5521072733818235E-5
0.14500000000000002       5.4714898051687876E-5
0.14                      5.384395960553674E-5
0.13500000000000006       5.289743460790169E-5
0.13000000000000006       5.186320105924133E-5
0.1250000000000001        5.07277798437451E-5
0.12                      4.947482618352971E-5
0.11499999999999999       4.8095126155918746E-5
0.10999999999999999       4.655993754129325E-5
0.10500000000000004       4.486065317053279E-5
0.10000000000000003       4.297334662895453E-5
0.09499999999999992       4.0877906613454356E-5
0.09000000000000008       3.8555127621777335E-5
0.08499999999999996       3.5986081656022944E-5
0.07999999999999996       3.315326011817567E-5
0.07500000000000001       3.0041519096030818E-5
0.07                      2.66390180913615E-5
0.06500000000000006       2.2938207185466838E-5
0.06000000000000005       1.8936787754940492E-5
0.05499999999999994       1.46385781423941E-5
0.0500000000000001        1.0054215080467656E-5
0.044999999999999984      5.199993131862734E-6
0.04000000000000015       1.0187218643313313E-7
0.03500000000000003       -5.205823462069621E-6
0.029999999999999916      -1.0683033691818465E-5
0.025000000000000022      -1.6284630213356424E-5
0.019999999999999907      -2.1960442273033236E-5
0.015000000000000069      -2.7651253271175696E-5
0.009999999999999953      -3.331321355613584E-5
0.0050000000000000044     -3.888504244025404E-5
0                         -4.431080421072894E-5
-0.0050000000000000044    -4.953886399353793E-5
-0.009999999999999953     -5.452149165794592E-5
-0.014999999999999958     -5.921624853773946E-5
-0.020000000000000073     -6.358683341604695E-5
-0.02499999999999991      -6.760356573728011E-5
-0.030000000000000027     -7.124378440523442E-5
-0.034999999999999865     -7.449194815430933E-5
-0.03999999999999998      -7.733944679145294E-5
-0.045000000000000095     -7.978421530701151E-5
-0.04999999999999993      -8.183019612422578E-5
-0.05500000000000008      -8.348669642012672E-5
-0.06000000000000005      -8.476767632725132E-5
-0.06500000000000003      -8.569098956035307E-5
-0.07                     -8.62757038969882E-5
-0.07500000000000001      -8.654646700697882E-5
-0.07999999999999999      -8.65292847349733E-5
-0.0850000000000001       -8.625038622248833E-5
-0.08999999999999994      -8.573610188821658E-5
-0.09500000000000006      -8.501266249535392E-5
-0.0999999999999999       -8.410578550362702E-5
-0.10500000000000001      -8.304027980633276E-5
-0.11000000000000013      -8.183975683419566E-5
-0.11499999999999999      -8.052641340791743E-5
-0.1200000000000001       -7.912086808415575E-5
-0.12499999999999994      -7.764205709013953E-5
-0.13000000000000006      -7.610718661975515E-5
-0.13500000000000004      -7.453172881900624E-5
-0.14000000000000004      -7.293082822516001E-5
-0.14500000000000002      -7.131134829348465E-5
-0.15                     -6.969067744524341E-5
-0.15499999999999997      -6.807273494039688E-5
-0.1600000000000001       -6.646992983493168E-5
-0.16499999999999995      -6.488418567666718E-5
-0.17000000000000007      -6.332507622439242E-5
-0.1749999999999999       -6.179304361358984E-5
-0.18000000000000002      -6.029518953689012E-5
-0.18500000000000014      -5.883082533410459E-5
-0.19                     -5.7405064763291616E-5
-0.19500000000000012      -5.6016452611741584E-5
-0.19999999999999996      -5.466854414144939E-5
-0.20500000000000007      -5.335939349500218E-5
-0.21000000000000005      -5.2091364507461934E-5
-0.21500000000000002      -5.086223928541853E-5
-0.22000000000000003      -4.967335675365671E-5
-0.22499999999999998      -4.852409718993202E-5
-0.22999999999999998      -4.741255606937606E-5
-0.2350000000000001       -4.633774933700346E-5
-0.23999999999999994      -4.5299149110605585E-5
-0.24500000000000005      -4.429582019712232E-5
-0.2499999999999999       -4.3326568140410184E-5
-0.255                    -4.239026054940283E-5
-0.2600000000000001       -4.1485814238464386E-5
-0.26499999999999996      -4.0612112171670685E-5
-0.2700000000000001       -3.976802083349086E-5
-0.27499999999999997      -3.8952428255675824E-5
-0.2800000000000001       -3.8164248395370525E-5
-0.28500000000000003      -3.7402416646326806E-5
-0.29000000000000004      -3.666589401172754E-5
-0.295                    -3.5953672642614655E-5
-0.3                      -3.5264777509452315E-5
