% Model:              Untitled.mph
% Version:            COMSOL 6.0.0.405
% Date:               Sep 29 2022, 17:03
% Dimension:          1
% Nodes:              241
% Expressions:        1
% Description:        Global
% -E_time (V)             Value
-0.3                      1.5486847742902723E-8
-0.295                    4.048657904195368E-9
-0.29                     6.224857525786163E-9
-0.285                    6.605351436143863E-9
-0.27999999999999997      7.498304293071197E-9
-0.27499999999999997      8.820352866449401E-9
-0.27                     1.0720660619943295E-8
-0.265                    1.2950191455056819E-8
-0.26                     1.5601008903149017E-8
-0.255                    1.8864404763819483E-8
-0.25                     2.2853783421395398E-8
-0.245                    2.7693641942094192E-8
-0.24                     3.357318413159507E-8
-0.235                    4.072307656634899E-8
-0.22999999999999998      4.9410736061383055E-8
-0.22499999999999998      5.999379255534445E-8
-0.21999999999999997      7.274205144720587E-8
-0.215                    8.826171845606259E-8
-0.21                     1.0712272122348528E-7
-0.20500000000000002      1.300222359661796E-7
-0.2                      1.578219490333622E-7
-0.195                    1.9156612837728525E-7
-0.19                     2.3252058785754942E-7
-0.185                    2.822198996085062E-7
-0.18                     3.4252353205397794E-7
-0.175                    4.156837276196102E-7
-0.16999999999999998      5.044272915835847E-7
-0.16499999999999998      6.120539130404249E-7
-0.16                     7.425541447300073E-7
-0.15499999999999997      9.007506442001286E-7
-0.15                     1.0924667848986894E-6
-0.14500000000000002      1.3247272480242863E-6
-0.13999999999999999      1.6059956506981115E-6
-0.13499999999999998      1.9464545734345044E-6
-0.13                     2.3583333952249034E-6
-0.12500000000000003      2.8562889402404466E-6
-0.12                     3.457842811902023E-6
-0.11499999999999999      4.183877046480765E-6
-0.11000000000000001      5.05918581540371E-6
-0.10499999999999998      6.113074608810858E-6
-0.1                      7.3799886873148165E-6
-0.095                    8.900138410530056E-6
-0.09                     1.0720068974344681E-5
-0.08500000000000002      1.2893094719606333E-5
-0.07999999999999999      1.5479482425700288E-5
-0.07500000000000001      1.8546223721731484E-5
-0.06999999999999998      2.2166185765422702E-5
-0.065                    2.6416377033595214E-5
-0.06                     3.137502243567355E-5
-0.05499999999999999      3.711712787568585E-5
-0.05000000000000002      4.370825714370671E-5
-0.044999999999999984     5.1196380398751665E-5
-0.03999999999999998      5.960192262740149E-5
-0.034999999999999976     6.890656922096319E-5
-0.02999999999999997      7.904196427771206E-5
-0.025000000000000022     8.98800874112039E-5
-0.020000000000000018     1.012276457259513E-4
-0.015000000000000013     1.128270105560781E-4
-0.009999999999999953     1.2436578042790983E-4
-0.0050000000000000044    1.354957857215932E-4
0                         1.458603583416089E-4
0.0050000000000000044     1.5512643142502215E-4
0.009999999999999953      1.630162640541526E-4
0.015000000000000013      1.6933306405671086E-4
0.020000000000000018      1.739758822086188E-4
0.024999999999999967      1.769416027066925E-4
0.030000000000000027      1.7831481676649043E-4
0.03500000000000003       1.782488242813605E-4
0.03999999999999998       1.7694225101994764E-4
0.044999999999999984      1.7461565429240545E-4
0.04999999999999993       1.7149138501149598E-4
0.05499999999999999       1.6777847026138655E-4
0.06                      1.6366289963709832E-4
0.06500000000000006       1.5930273318211658E-4
0.07                      1.5482695719141E-4
0.07500000000000001       1.5033690515714048E-4
0.07999999999999996       1.4590919025303794E-4
0.08499999999999996       1.4159933133100726E-4
0.09000000000000002       1.374455053696882E-4
0.09499999999999997       1.3347207646838724E-4
0.09999999999999998       1.2969271674517243E-4
0.10499999999999998       1.2611304824601609E-4
0.10999999999999999       1.227328060637997E-4
0.11499999999999999       1.195475624083857E-4
0.12                      1.1655006952760481E-4
0.12499999999999994       1.1373128417703858E-4
0.12999999999999995       1.1108113352882525E-4
0.13500000000000006       1.0858907582886886E-4
0.14                      1.0624450113903317E-4
0.14500000000000002       1.0403700950567253E-4
0.14999999999999997       1.0195750592277215E-4
0.15499999999999997       9.999870940243653E-5
0.16000000000000003       9.814789369342522E-5
0.16499999999999998       9.6394827181259E-5
0.16999999999999998       9.473364187543005E-5
0.175                     9.315837582675868E-5
0.18                      9.166210617816471E-5
0.185                     9.023860713371366E-5
0.19                      8.888264195207863E-5
0.19499999999999995       8.758936167900293E-5
0.19999999999999996       8.635417447657898E-5
0.20500000000000002       8.517290572023533E-5
0.21000000000000002       8.404179582353674E-5
0.21500000000000002       8.295740505295843E-5
0.22000000000000003       8.191657476345152E-5
0.22500000000000003       8.09164206601202E-5
0.23000000000000004       7.995431014324794E-5
0.23500000000000004       7.902783241140269E-5
0.24000000000000005       7.813477655652257E-5
0.24499999999999994       7.727311452050685E-5
0.24999999999999994       7.644098394757287E-5
0.25500000000000006       7.563667183310977E-5
0.25999999999999995       7.485860034638975E-5
0.26499999999999996       7.410531433561828E-5
0.26999999999999996       7.337546991039655E-5
0.27499999999999997       7.26678240977943E-5
0.2800000000000001        7.198122560435184E-5
0.2850000000000001        7.13146065383196E-5
0.29                      7.066697495036526E-5
0.295                     7.003740811873627E-5
0.3                       6.942504651387631E-5
0.295                     6.882525293493732E-5
0.29                      6.824174117472504E-5
0.2850000000000001        6.767520002097417E-5
0.2800000000000001        6.712277266946647E-5
0.2750000000000001        6.658313907839966E-5
0.26999999999999996       6.605636889346931E-5
0.26499999999999996       6.554201275538571E-5
0.25999999999999995       6.503918740546159E-5
0.25500000000000006       6.454722283505746E-5
0.25000000000000006       6.406560917263095E-5
0.24499999999999994       6.359376882987287E-5
0.23999999999999994       6.313106605983675E-5
0.23499999999999993       6.267686931897486E-5
0.22999999999999993       6.223053356832822E-5
0.22500000000000003       6.179136484807773E-5
0.22000000000000003       6.13586085882007E-5
0.21500000000000002       6.093144012432536E-5
0.21000000000000002       6.050894371246011E-5
0.20500000000000002       6.0090086300727594E-5
0.20000000000000012       5.967368928193954E-5
0.19499999999999995       5.9258394936012104E-5
0.19                      5.884262511335936E-5
0.185                     5.842453147617137E-5
0.18                      5.800193597928933E-5
0.17500000000000004       5.757225933343997E-5
0.16999999999999993       5.713243495821575E-5
0.16499999999999992       5.6678805717523335E-5
0.15999999999999998       5.620700023447474E-5
0.15499999999999997       5.5711785036610454E-5
0.14999999999999997       5.518688829845651E-5
0.14500000000000002       5.462479049281687E-5
0.14                      5.401647686879192E-5
0.13500000000000006       5.335114646284355E-5
0.13000000000000006       5.261587247531929E-5
0.1250000000000001        5.1795209520645375E-5
0.12                      5.086890351587237E-5
0.11499999999999999       4.9822539033286165E-5
0.10999999999999999       4.8623007505518104E-5
0.10500000000000004       4.724074282282444E-5
0.10000000000000003       4.564076440415183E-5
0.09499999999999992       4.378149451497834E-5
0.09000000000000008       4.1615071409881704E-5
0.08499999999999996       3.9087001640860144E-5
0.07999999999999996       3.613611232968916E-5
0.07500000000000001       3.269502866847538E-5
0.07                      2.869134800380369E-5
0.06500000000000006       2.4049785153033473E-5
0.06000000000000005       1.8695586442457255E-5
0.05499999999999994       1.2559492290489289E-5
0.0500000000000001        5.58444415876167E-6
0.044999999999999984      -2.265957302988091E-6
0.04000000000000015       -1.0997557428971202E-5
0.03500000000000003       -2.0575080592924927E-5
0.029999999999999916      -3.091218938518441E-5
0.025000000000000022      -4.186484450209728E-5
0.019999999999999907      -5.322788968079093E-5
0.015000000000000069      -6.473901643426908E-5
0.009999999999999953      -7.609154366426012E-5
0.0050000000000000044     -8.695565964228774E-5
0                         -9.700406854108822E-5
-0.0050000000000000044    -1.0594008723395838E-4
-0.009999999999999953     -1.1352459693188556E-4
-0.014999999999999958     -1.1959623337793191E-4
-0.020000000000000073     -1.2408113234299012E-4
-0.02499999999999991      -1.2699162609197914E-4
-0.030000000000000027     -1.2841547025834677E-4
-0.034999999999999865     -1.2849852624741018E-4
-0.03999999999999998      -1.2742448238113922E-4
-0.045000000000000095     -1.2539499888827228E-4
-0.04999999999999993      -1.2261273595212484E-4
-0.05500000000000008      -1.1926855606319943E-4
-0.06000000000000005      -1.1553317255247816E-4
-0.06500000000000003      -1.1155279260609463E-4
-0.07                     -1.0744791023980258E-4
-0.07500000000000001      -1.0331430749134411E-4
-0.07999999999999999      -9.922541497217624E-5
-0.0850000000000001       -9.523535348779367E-5
-0.08999999999999994      -9.138216344627197E-5
-0.09500000000000006      -8.769090180058941E-5
-0.0999999999999999       -8.417642895043739E-5
-0.10500000000000001      -8.084580887711057E-5
-0.11000000000000013      -7.770030786223361E-5
-0.11499999999999999      -7.473701273469035E-5
-0.1200000000000001       -7.19501093844602E-5
-0.12499999999999994      -6.93318715208835E-5
-0.13000000000000006      -6.687341080343209E-5
-0.13500000000000004      -6.456523515529513E-5
-0.14000000000000004      -6.239765535906792E-5
-0.14500000000000002      -6.036107329228888E-5
-0.15                     -5.844617929855235E-5
-0.15499999999999997      -5.6644081074167984E-5
-0.1600000000000001       -5.494638183523243E-5
-0.16499999999999995      -5.334522149985387E-5
-0.17000000000000007      -5.183329135254973E-5
-0.1749999999999999       -5.040444466249598E-5
-0.18000000000000002      -4.90525813078564E-5
-0.18500000000000014      -4.777001337894388E-5
-0.19                     -4.6553112177622036E-5
-0.19500000000000012      -4.539723424773238E-5
-0.19999999999999996      -4.429693778058568E-5
-0.20500000000000007      -4.324819225614687E-5
-0.21000000000000005      -4.2247811265817346E-5
-0.21500000000000002      -4.129251365242833E-5
-0.22000000000000003      -4.0379113514926626E-5
-0.22499999999999998      -3.9504816779817216E-5
-0.22999999999999998      -3.8667121673699315E-5
-0.2350000000000001       -3.786369191549252E-5
-0.23999999999999994      -3.7092365055780076E-5
-0.24500000000000005      -3.635116931791624E-5
-0.2499999999999999       -3.563829775615851E-5
-0.255                    -3.49520823130848E-5
-0.2600000000000001       -3.429098369922558E-5
-0.26499999999999996      -3.365358291062741E-5
-0.2700000000000001       -3.303856931067923E-5
-0.27499999999999997      -3.244472972902489E-5
-0.2800000000000001       -3.1870939966667115E-5
-0.28500000000000003      -3.13161571374946E-5
-0.29000000000000004      -3.077941232999154E-5
-0.295                    -3.025980400748158E-5
-0.3                      -2.9756492215708097E-5
