% Model:              Untitled.mph
% Version:            COMSOL 6.0.0.405
% Date:               Jul 7 2022, 21:22
% Dimension:          1
% Nodes:              241
% Expressions:        1
% Description:        Global
% -E_time (V)             Value
-0.3                      1.4085417160089617E-9
-0.295                    3.799332227844842E-9
-0.29                     4.5232627948806474E-9
-0.285                    4.6999113850703435E-9
-0.27999999999999997      5.2921819336105945E-9
-0.27499999999999997      6.123371908734152E-9
-0.27                     7.239688292133844E-9
-0.265                    8.54452575029729E-9
-0.26                     1.0069953921430098E-8
-0.255                    1.1884467666756537E-8
-0.25                     1.4028289067290949E-8
-0.245                    1.6541441216894632E-8
-0.24                     1.948136771384468E-8
-0.235                    2.291428765405881E-8
-0.22999999999999998      2.6910995510881153E-8
-0.22499999999999998      3.155066067840874E-8
-0.21999999999999997      3.692304717605975E-8
-0.215                    4.312830243968007E-8
-0.21                     5.0288417472706665E-8
-0.20500000000000002      5.8494042815149636E-8
-0.2                      6.790307181204374E-8
-0.195                    7.866711110704214E-8
-0.19                     9.094910279843634E-8
-0.185                    1.0492957019813266E-7
-0.18                     1.208067304684724E-7
-0.175                    1.3879774019128882E-7
-0.16999999999999998      1.5914030603093524E-7
-0.16499999999999998      1.820944172784555E-7
-0.16                     2.0794429034007612E-7
-0.15499999999999997      2.370005487604669E-7
-0.15                     2.696026577527753E-7
-0.14500000000000002      3.0612163944973035E-7
-0.13999999999999999      3.4696309621247333E-7
-0.13499999999999998      3.925705701575106E-7
-0.13                     4.434292678237232E-7
-0.12500000000000003      5.000701797312137E-7
-0.12                     5.630746253724306E-7
-0.11499999999999999      6.330792550055506E-7
-0.11000000000000001      7.107815405078262E-7
-0.10499999999999998      7.969457883501858E-7
-0.1                      8.924097085745172E-7
-0.095                    9.980915742029927E-7
-0.09                     1.1149980056488588E-6
-0.08500000000000002      1.2442324144415226E-6
-0.07999999999999999      1.3870041394759782E-6
-0.07500000000000001      1.5446383070100853E-6
-0.06999999999999998      1.7185864419895854E-6
-0.065                    1.9104378532580104E-6
-0.06                     2.1219318078414208E-6
-0.05499999999999999      2.3549704992532494E-6
-0.05000000000000002      2.611632801395905E-6
-0.044999999999999984     2.8941887820069706E-6
-0.03999999999999998      3.2051149268868598E-6
-0.034999999999999976     3.547109997861372E-6
-0.02999999999999997      3.923111411345544E-6
-0.025000000000000022     4.336311980432852E-6
-0.020000000000000018     4.790176809307055E-6
-0.015000000000000013     5.288460063152221E-6
-0.009999999999999953     5.8352212578228705E-6
-0.0050000000000000044    6.434840619446421E-6
0                         7.092032952981319E-6
0.0050000000000000044     7.811859328628121E-6
0.009999999999999953      8.599735744253045E-6
0.015000000000000013      9.46143774931483E-6
0.020000000000000018      1.0403099820512096E-5
0.024999999999999967      1.1431208061864905E-5
0.030000000000000027      1.2552584563941082E-5
0.03500000000000003       1.3774361502439094E-5
0.03999999999999998       1.5103942791929018E-5
0.044999999999999984      1.6548950846643153E-5
0.04999999999999993       1.8117155751941576E-5
0.05499999999999999       1.9816383938498806E-5
0.06                      2.165440330457933E-5
0.06500000000000006       2.363878168661656E-5
0.07                      2.577671568066564E-5
0.07500000000000001       2.8074827123168384E-5
0.07999999999999996       3.053892511452187E-5
0.08499999999999996       3.3173732387103406E-5
0.09000000000000002       3.598257615931824E-5
0.09499999999999997       3.896704545632831E-5
0.09999999999999998       4.212661928327196E-5
0.10499999999999998       4.545827305070961E-5
0.10999999999999999       4.8956074275736024E-5
0.11499999999999999       5.2611622685054094E-5
0.12                      5.6411098325092506E-5
0.12499999999999994       6.033738550962425E-5
0.12999999999999995       6.436950843811205E-5
0.13500000000000006       6.848186411345463E-5
0.14                      7.264433365177841E-5
0.14500000000000002       7.682265271971398E-5
0.14999999999999997       8.097496600703764E-5
0.15499999999999997       8.506814654760431E-5
0.16000000000000003       8.90550737584729E-5
0.16499999999999998       9.289036547786237E-5
0.16999999999999998       9.652954644273615E-5
0.175                     9.99295680153426E-5
0.18                      1.0305052284208469E-4
0.185                     1.0585723344658425E-4
0.19                      1.0832069766349422E-4
0.19499999999999995       1.1041932114921768E-4
0.19999999999999996       1.1213981924005122E-4
0.20500000000000002       1.1347770236668673E-4
0.21000000000000002       1.1443729431836122E-4
0.21500000000000002       1.150312741817836E-4
0.22000000000000003       1.1527977870726584E-4
0.22500000000000003       1.1520675082269789E-4
0.23000000000000004       1.1484417499571306E-4
0.23500000000000004       1.1422839594098733E-4
0.24000000000000005       1.1339596321333374E-4
0.24499999999999994       1.1238195331381212E-4
0.24999999999999994       1.1122008183924298E-4
0.25500000000000006       1.0994221829419174E-4
0.25999999999999995       1.0857740189704504E-4
0.26499999999999996       1.0715385143684075E-4
0.26999999999999996       1.0568357646319333E-4
0.27499999999999997       1.0419974765162688E-4
0.2800000000000001        1.0270625688627288E-4
0.2850000000000001        1.0122592008246851E-4
0.29                      9.97588798640419E-5
0.295                     9.832221637413593E-5
0.3                       9.691318189950231E-5
0.295                     9.097326746899527E-5
0.29                      8.689576977433064E-5
0.2850000000000001        8.374590083687092E-5
0.2800000000000001        8.082162532840309E-5
0.2750000000000001        7.80844345837286E-5
0.26999999999999996       7.549372858214097E-5
0.26499999999999996       7.301042538152907E-5
0.25999999999999995       7.060260315073385E-5
0.25500000000000006       6.825315950692134E-5
0.25000000000000006       6.595007781658533E-5
0.24499999999999994       6.368267440063002E-5
0.23999999999999994       6.14429779845929E-5
0.23499999999999993       5.922567310867191E-5
0.22999999999999993       5.7026923047978566E-5
0.22500000000000003       5.4843958081145794E-5
0.22000000000000003       5.267515865521642E-5
0.21500000000000002       5.05199620223999E-5
0.21000000000000002       4.837864822002849E-5
0.20500000000000002       4.625220269348435E-5
0.20000000000000012       4.414223228672909E-5
0.19499999999999995       4.2050869394209285E-5
0.19                      3.998066764028392E-5
0.185                     3.793450639431165E-5
0.18                      3.591550196778152E-5
0.17500000000000004       3.392692031684716E-5
0.16999999999999993       3.1972092601403885E-5
0.16499999999999992       3.005433616566406E-5
0.15999999999999998       2.8176881681717038E-5
0.15499999999999997       2.6342806885281023E-5
0.14999999999999997       2.4554977784470015E-5
0.14500000000000002       2.281599813484443E-5
0.14                      2.1128167561914486E-5
0.13500000000000006       1.949344845227901E-5
0.13000000000000006       1.7913441564682143E-5
0.1250000000000001        1.6389370058943255E-5
0.12                      1.4922071471986692E-5
0.11499999999999999       1.3511996946471067E-5
0.10999999999999999       1.2159216920712961E-5
0.10500000000000004       1.0863432395679567E-5
0.10000000000000003       9.623990839138154E-6
0.09499999999999992       8.439905784847587E-6
0.09000000000000008       7.309879185405243E-6
0.08499999999999996       6.232325647841668E-6
0.07999999999999996       5.205397677268188E-6
0.07500000000000001       4.227011259812004E-6
0.07                      3.2948711182466666E-6
0.06500000000000006       2.4064951011334527E-6
0.06000000000000005       1.5592372761469362E-6
0.05499999999999994       7.503093209689602E-7
0.0500000000000001        -2.3199910676840216E-8
0.044999999999999984      -7.643068730574337E-7
0.04000000000000015       -1.4761179427396796E-6
0.03500000000000003       -2.161816144995603E-6
0.029999999999999916      -2.824649874849627E-6
0.025000000000000022      -3.4679235517431747E-6
0.019999999999999907      -4.0949899260644955E-6
0.015000000000000069      -4.709243844404757E-6
0.009999999999999953      -5.3141171600478515E-6
0.0050000000000000044     -5.913074407656622E-6
0                         -6.509608985410717E-6
-0.0050000000000000044    -7.107238921946533E-6
-0.009999999999999953     -7.709503020501383E-6
-0.014999999999999958     -8.319953378416758E-6
-0.020000000000000073     -8.94215010466993E-6
-0.02499999999999991      -9.579647767086816E-6
-0.030000000000000027     -1.0236005350092146E-5
-0.034999999999999865     -1.0914722865261055E-5
-0.03999999999999998      -1.1619242981888358E-5
-0.045000000000000095     -1.235294325853554E-5
-0.04999999999999993      -1.3119081348639457E-5
-0.05500000000000008      -1.3920750252482997E-5
-0.06000000000000005      -1.476082713960198E-5
-0.06500000000000003      -1.5641917469057898E-5
-0.07                     -1.656628247132393E-5
-0.07500000000000001      -1.753575612005052E-5
-0.07999999999999999      -1.855165038310183E-5
-0.0850000000000001       -1.9614656375663036E-5
-0.08999999999999994      -2.0724719671356583E-5
-0.09500000000000006      -2.1880919405753493E-5
-0.0999999999999999       -2.3081342892797494E-5
-0.10500000000000001      -2.432295690023415E-5
-0.11000000000000013      -2.5601481737741404E-5
-0.11499999999999999      -2.6911277651275368E-5
-0.1200000000000001       -2.8245251161138316E-5
-0.12499999999999994      -2.959479092884925E-5
-0.13000000000000006      -3.0949745058180046E-5
-0.13500000000000004      -3.229845059017644E-5
-0.14000000000000004      -3.3627827717256845E-5
-0.14500000000000002      -3.492354926884619E-5
-0.15                     -3.617029467170215E-5
-0.15499999999999997      -3.7352091082464925E-5
-0.1600000000000001       -3.845273905913478E-5
-0.16499999999999995      -3.94563126334281E-5
-0.17000000000000007      -4.034620774481058E-5
-0.1749999999999999       -4.111310916337403E-5
-0.18000000000000002      -4.1742881594789495E-5
-0.18500000000000014      -4.222597406371043E-5
-0.19                     -4.255636515203035E-5
-0.19500000000000012      -4.273127280968391E-5
-0.19999999999999996      -4.275141751499819E-5
-0.20500000000000007      -4.262102639139602E-5
-0.21000000000000005      -4.2347629238194433E-5
-0.21500000000000002      -4.194073356440176E-5
-0.22000000000000003      -4.141350798046642E-5
-0.22499999999999998      -4.0781489220118756E-5
-0.22999999999999998      -4.0060845194162344E-5
-0.2350000000000001       -3.926754483061188E-5
-0.23999999999999994      -3.841725646069547E-5
-0.24500000000000005      -3.752652170601181E-5
-0.2499999999999999       -3.660517621342904E-5
-0.255                    -3.566816092986567E-5
-0.2600000000000001       -3.472641650051104E-5
-0.26499999999999996      -3.378881097174702E-5
-0.2700000000000001       -3.286277364604213E-5
-0.27499999999999997      -3.195422657516502E-5
-0.2800000000000001       -3.1067706399676254E-5
-0.28500000000000003      -3.020654355352447E-5
-0.29000000000000004      -2.9373041084595095E-5
-0.295                    -2.8568648852862246E-5
-0.3                      -2.779412500385462E-5
