% Model:              Untitled.mph
% Version:            COMSOL 6.0.0.405
% Date:               Jul 6 2022, 02:41
% Dimension:          1
% Nodes:              241
% Expressions:        1
% Description:        Global
% -E_time (V)             Value
-0.3                      4.883161534442552E-8
-0.295                    3.4300030783288346E-9
-0.29                     5.3127836229320165E-9
-0.285                    5.653270114046242E-9
-0.27999999999999997      6.435355710053813E-9
-0.27499999999999997      7.587651744993386E-9
-0.27                     9.248105332502558E-9
-0.265                    1.118042454521553E-8
-0.26                     1.3473567385481074E-8
-0.255                    1.6302606363953538E-8
-0.25                     1.9762142466337355E-8
-0.245                    2.395798466398158E-8
-0.24                     2.9056854098922354E-8
-0.235                    3.526062077457633E-8
-0.22999999999999998      4.282504118814148E-8
-0.22499999999999998      5.193731952712739E-8
-0.21999999999999997      6.304321803810493E-8
-0.215                    7.654829976394135E-8
-0.21                     9.295526836058106E-8
-0.20500000000000002      1.1288708575906013E-7
-0.2                      1.3709882207999662E-7
-0.195                    1.6650693878103374E-7
-0.19                     2.022240704270138E-7
-0.185                    2.456004153346943E-7
-0.18                     2.982739983822141E-7
-0.175                    3.622314292836751E-7
-0.16999999999999998      4.398812065027302E-7
-0.16499999999999998      5.34142039760433E-7
-0.16                     6.485490733254944E-7
-0.15499999999999997      7.873813523257263E-7
-0.15                     9.558143619886388E-7
-0.14500000000000002      1.1601019553550837E-6
-0.13999999999999999      1.407792422808976E-6
-0.13499999999999998      1.7079837702890428E-6
-0.13                     2.0716233424341916E-6
-0.12500000000000003      2.5118565703354164E-6
-0.12                     3.0444285724166054E-6
-0.11499999999999999      3.6881402045776172E-6
-0.11000000000000001      4.465356400174238E-6
-0.10499999999999998      5.4025585250561565E-6
-0.1                      6.530923033592538E-6
-0.095                    7.886894748978539E-6
-0.09                     9.51270322206722E-6
-0.08500000000000002      1.1456743448835463E-5
-0.07999999999999999      1.3773706704270917E-5
-0.07500000000000001      1.6524303393002784E-5
-0.06999999999999998      1.977436985335078E-5
-0.065                    2.359310116071222E-5
-0.06                     2.8050114532794504E-5
-0.05499999999999999      3.3211043832080914E-5
-0.05000000000000002      3.913142552648109E-5
-0.044999999999999984     4.584879863589689E-5
-0.03999999999999998      5.3373243106892045E-5
-0.034999999999999976     6.167704093825997E-5
-0.02999999999999997      7.068473258784686E-5
-0.025000000000000022     8.026544819227213E-5
-0.020000000000000018     9.02298127540886E-5
-0.015000000000000013     1.0033368152557696E-4
-0.009999999999999953     1.1029020820448E-4
-0.0050000000000000044    1.197902189450063E-4
0                         1.2852882197026042E-4
0.0050000000000000044     1.3623423484144753E-4
0.009999999999999953      1.4269372078173808E-4
0.015000000000000013      1.4777184304904284E-4
0.020000000000000018      1.5141798273499458E-4
0.024999999999999967      1.536626278877997E-4
0.030000000000000027      1.5460441406566516E-4
0.03500000000000003       1.543914886140257E-4
0.03999999999999998       1.5320115439511618E-4
0.044999999999999984      1.5122110037524408E-4
0.04999999999999993       1.4863432102057392E-4
0.05499999999999999       1.456085617646661E-4
0.06                      1.4229013779056378E-4
0.06500000000000006       1.388013814173072E-4
0.07                      1.352407451980441E-4
0.07500000000000001       1.3168461377549055E-4
0.07999999999999996       1.2819003959175802E-4
0.08499999999999996       1.2479782453029295E-4
0.09000000000000002       1.2153556550268643E-4
0.09499999999999997       1.1842044089469298E-4
0.09999999999999998       1.1546163045103266E-4
0.10499999999999998       1.1266233787299599E-4
0.10999999999999999       1.1002143149308721E-4
0.11499999999999999       1.075347426280031E-4
0.12                      1.0519607107076046E-4
0.12499999999999994       1.0299794831375003E-4
0.12999999999999995       1.0093220544119855E-4
0.13500000000000006       9.899038676080215E-5
0.14                      9.716481163981676E-5
0.14500000000000002       9.545017146068119E-5
0.14999999999999997       9.38339476251906E-5
0.15499999999999997       9.230648628222694E-5
0.16000000000000003       9.086315064682241E-5
0.16499999999999998       8.94987080958318E-5
0.16999999999999998       8.820651938235154E-5
0.175                     8.698073372978297E-5
0.18                      8.581656570500964E-5
0.185                     8.470951009721866E-5
0.19                      8.365523759714129E-5
0.19499999999999995       8.264983180935999E-5
0.19999999999999996       8.168978396740218E-5
0.20500000000000002       8.077187710758626E-5
0.21000000000000002       7.98931536547577E-5
0.21500000000000002       7.905091933039416E-5
0.22000000000000003       7.824272098984418E-5
0.22500000000000003       7.746631537465308E-5
0.23000000000000004       7.671964885354856E-5
0.23500000000000004       7.600084222723226E-5
0.24000000000000005       7.530817416181013E-5
0.24499999999999994       7.464006517628348E-5
0.24999999999999994       7.39950640731856E-5
0.25500000000000006       7.337183600825915E-5
0.25999999999999995       7.276915145956704E-5
0.26499999999999996       7.21858762171634E-5
0.26999999999999996       7.162096248190492E-5
0.27499999999999997       7.107344089709724E-5
0.2800000000000001        7.054241336189917E-5
0.2850000000000001        7.002704656876708E-5
0.29                      6.952656620727311E-5
0.295                     6.90402517568587E-5
0.3                       6.85674318007496E-5
0.295                     6.810421242722311E-5
0.29                      6.765379252116066E-5
0.2850000000000001        6.721674907445093E-5
0.2800000000000001        6.679070576977097E-5
0.2750000000000001        6.637465179632024E-5
0.26999999999999996       6.596870876103766E-5
0.26499999999999996       6.557250759048855E-5
0.25999999999999995       6.518532411997948E-5
0.25500000000000006       6.48066345079285E-5
0.25000000000000006       6.443604293583871E-5
0.24499999999999994       6.407308537570746E-5
0.23999999999999994       6.371724903654566E-5
0.23499999999999993       6.33680269833213E-5
0.22999999999999993       6.302489914854316E-5
0.22500000000000003       6.268730183789572E-5
0.22000000000000003       6.235461945281721E-5
0.21500000000000002       6.202617677400645E-5
0.21000000000000002       6.1701220701188E-5
0.20500000000000002       6.137889795864331E-5
0.20000000000000012       6.105823130171592E-5
0.19499999999999995       6.07380909960002E-5
0.19                      6.0417159536276314E-5
0.185                     6.00938891385922E-5
0.18                      5.9766450821508274E-5
0.17500000000000004       5.943267305623065E-5
0.16999999999999993       5.9089967802489925E-5
0.16499999999999992       5.873524154612457E-5
0.15999999999999998       5.8364788479307215E-5
0.15499999999999997       5.797416245168523E-5
0.14999999999999997       5.755802385458445E-5
0.14500000000000002       5.710995713350744E-5
0.14                      5.662225418307112E-5
0.13500000000000006       5.6085658564081783E-5
0.13000000000000006       5.548906542080472E-5
0.1250000000000001        5.481917234241152E-5
0.12                      5.406007747381059E-5
0.11499999999999999       5.319092759524816E-5
0.10999999999999999       5.2198480181211014E-5
0.10500000000000004       5.1039663215433225E-5
0.10000000000000003       4.970010141786257E-5
0.09499999999999992       4.8133834679378946E-5
0.09000000000000008       4.6299277633715177E-5
0.08499999999999996       4.414892262588192E-5
0.07999999999999996       4.1627949559735176E-5
0.07500000000000001       3.8675603323750176E-5
0.07                      3.522605920313133E-5
0.06500000000000006       3.121014632728632E-5
0.06000000000000005       2.6558306977549336E-5
0.05499999999999994       2.1205012385988754E-5
0.0500000000000001        1.5094883423842488E-5
0.044999999999999984      8.190600156897845E-6
0.04000000000000015       4.824156456445481E-7
0.03500000000000003       -8.001675262724543E-6
0.029999999999999916      -1.7186252798029815E-5
0.025000000000000022      -2.6940157414183796E-5
0.019999999999999907      -3.7073526440850394E-5
0.015000000000000069      -4.734160529036193E-5
0.009999999999999953      -5.745736663828835E-5
0.0050000000000000044     -6.711158418661323E-5
0                         -7.599942537358404E-5
-0.0050000000000000044    -8.384933924374582E-5
-0.009999999999999953     -9.044891981936244E-5
-0.014999999999999958     -9.566313265543021E-5
-0.020000000000000073     -9.944182361701131E-5
-0.02499999999999991      -1.0181599453712488E-4
-0.030000000000000027     -1.0288480151027268E-4
-0.034999999999999865     -1.0279687637570849E-4
-0.03999999999999998      -1.0172993354298452E-4
-0.045000000000000095     -9.987198980241453E-5
-0.04999999999999993      -9.740629540597462E-5
-0.05500000000000008      -9.450079071406574E-5
-0.06000000000000005      -9.130192950196127E-5
-0.06500000000000003      -8.793213182561672E-5
-0.07                     -8.448989646373275E-5
-0.07500000000000001      -8.105162296418587E-5
-0.07999999999999999      -7.767435659969609E-5
-0.0850000000000001       -7.439887845114877E-5
-0.08999999999999994      -7.125275790440815E-5
-0.09500000000000006      -6.825314274687072E-5
-0.0999999999999999       -6.540917979382734E-5
-0.10500000000000001      -6.272403772787573E-5
-0.11000000000000013      -6.0196549067097816E-5
-0.11499999999999999      -5.7822510233458636E-5
-0.1200000000000001       -5.5595688191753556E-5
-0.12499999999999994      -5.350858447277401E-5
-0.13000000000000006      -5.1553004128584484E-5
-0.13500000000000004      -4.972047038547062E-5
-0.14000000000000004      -4.800251865178385E-5
-0.14500000000000002      -4.6390897871173395E-5
-0.15                     -4.487770260968644E-5
-0.15499999999999997      -4.345545470452739E-5
-0.1600000000000001       -4.211714863125225E-5
-0.16499999999999995      -4.0856270692483555E-5
-0.17000000000000007      -3.966679931573029E-5
-0.1749999999999999       -3.8543695846533714E-5
-0.18000000000000002      -3.748243483670306E-5
-0.18500000000000014      -3.647700080219442E-5
-0.19                     -3.5522535546241105E-5
-0.19500000000000012      -3.4615797961348785E-5
-0.19999999999999996      -3.375360060972347E-5
-0.20500000000000007      -3.293256082506751E-5
-0.21000000000000005      -3.214966202588396E-5
-0.21500000000000002      -3.140230688941419E-5
-0.22000000000000003      -3.0688091724096785E-5
-0.22499999999999998      -3.0004765230250046E-5
-0.22999999999999998      -2.9350279649661336E-5
-0.2350000000000001       -2.872277875398275E-5
-0.23999999999999994      -2.8120557972894812E-5
-0.24500000000000005      -2.7542048053924797E-5
-0.2499999999999999       -2.6985809383935786E-5
-0.255                    -2.6450520219053374E-5
-0.2600000000000001       -2.5934963250239086E-5
-0.26499999999999996      -2.5438015705332552E-5
-0.2700000000000001       -2.4958641276742734E-5
-0.27499999999999997      -2.4495882084803764E-5
-0.2800000000000001       -2.4048851158000178E-5
-0.28500000000000003      -2.361672592253797E-5
-0.29000000000000004      -2.319874247711151E-5
-0.295                    -2.2794190428089244E-5
-0.3                      -2.2402408264886257E-5
