% Model:              Untitled.mph
% Version:            COMSOL 6.0.0.405
% Date:               Jul 6 2022, 01:51
% Dimension:          1
% Nodes:              241
% Expressions:        1
% Description:        Global
% -E_time (V)             Value
-0.3                      4.879439165110715E-8
-0.295                    3.4313749260194015E-9
-0.29                     5.3095307875742444E-9
-0.285                    5.6595610538915206E-9
-0.27999999999999997      6.4369325098849655E-9
-0.27499999999999997      7.587255115100386E-9
-0.27                     9.248028275618198E-9
-0.265                    1.1180494575050632E-8
-0.26                     1.347329818276831E-8
-0.255                    1.6302120924876735E-8
-0.25                     1.9761578136722685E-8
-0.245                    2.39572545985468E-8
-0.24                     2.9055846584979316E-8
-0.235                    3.52592652937266E-8
-0.22999999999999998      4.282323483399187E-8
-0.22499999999999998      5.193491121306353E-8
-0.21999999999999997      6.30399968151936E-8
-0.215                    7.654399086345294E-8
-0.21                     9.294950452328745E-8
-0.20500000000000002      1.1287937507938951E-7
-0.2                      1.3708850679196874E-7
-0.195                    1.6649313937737222E-7
-0.19                     2.0220561106904946E-7
-0.185                    2.455757243890937E-7
-0.18                     2.982409757601303E-7
-0.175                    3.621872696357836E-7
-0.16999999999999998      4.39822163767885E-7
-0.16499999999999998      5.34063113911117E-7
-0.16                     6.484435940638119E-7
-0.15499999999999997      7.872404265719193E-7
-0.15                     9.556261417698679E-7
-0.14500000000000002      1.1598506695787746E-6
-0.13999999999999999      1.4074570997315008E-6
-0.13499999999999998      1.7075365565778044E-6
-0.13                     2.0710272989151245E-6
-0.12500000000000003      2.511062793377431E-6
-0.12                     3.043372453467485E-6
-0.11499999999999999      3.6867365996506925E-6
-0.11000000000000001      4.4634934388014844E-6
-0.10499999999999998      5.400089749981621E-6
-0.1                      6.527657538334024E-6
-0.095                    7.882584987315136E-6
-0.09                     9.50703022812612E-6
-0.08500000000000002      1.1449299367425548E-5
-0.07999999999999999      1.3763974843308695E-5
-0.07500000000000001      1.6511636541310752E-5
-0.06999999999999998      1.9757968434037482E-5
-0.065                    2.3571993977092354E-5
-0.06                     2.802314642410517E-5
-0.05499999999999999      3.317687638801294E-5
-0.05000000000000002      3.9088558804160844E-5
-0.044999999999999984     4.579562296884435E-5
-0.03999999999999998      5.330812963073099E-5
-0.034999999999999976     6.159847617322287E-5
-0.02999999999999997      7.059149523209404E-5
-0.025000000000000022     8.015681494486692E-5
-0.020000000000000018     9.010576605182478E-5
-0.015000000000000013     1.001950794143606E-4
-0.009999999999999953     1.1013887106805533E-4
-0.0050000000000000044    1.196288951256254E-4
0                         1.2836101646569988E-4
0.0050000000000000044     1.3606391776452162E-4
0.009999999999999953      1.425249643946381E-4
0.015000000000000013      1.4760845534026582E-4
0.020000000000000018      1.512632039147036E-4
0.024999999999999967      1.5351893518002834E-4
0.030000000000000027      1.5447344927802434E-4
0.03500000000000003       1.5427409420219474E-4
0.03999999999999998       1.530974857451077E-4
0.044999999999999984      1.5113077710496875E-4
0.04999999999999993       1.485565852318496E-4
0.05499999999999999       1.4554242130559287E-4
0.06                      1.4223448312849064E-4
0.06500000000000006       1.387550730436854E-4
0.07                      1.3520267375375622E-4
0.07500000000000001       1.3165373765095854E-4
0.07999999999999996       1.2816540542374792E-4
0.08499999999999996       1.2477857559652032E-4
0.09000000000000002       1.2152094211411723E-4
0.09499999999999997       1.184097758913256E-4
0.09999999999999998       1.1545434200945725E-4
0.10499999999999998       1.1265792111480924E-4
0.10999999999999999       1.1001944984154031E-4
0.11499999999999999       1.0753481947805047E-4
0.12                      1.0519788207869896E-4
0.12499999999999994       1.030012144448246E-4
0.12999999999999995       1.0093668680996232E-4
0.13500000000000006       9.89958772388253E-5
0.14                      9.717113153006038E-5
0.14500000000000002       9.545717488930855E-5
0.14999999999999997       9.384150533687452E-5
0.15499999999999997       9.23144824980621E-5
0.16000000000000003       9.087148778503704E-5
0.16499999999999998       8.950730481432367E-5
0.16999999999999998       8.821530577544428E-5
0.175                     8.698964942115965E-5
0.18                      8.582555940669401E-5
0.185                     8.471853849353339E-5
0.19                      8.366426397205423E-5
0.19499999999999995       8.265882511026693E-5
0.19999999999999996       8.169871813556913E-5
0.20500000000000002       8.078073041730595E-5
0.21000000000000002       7.990190809539575E-5
0.21500000000000002       7.905956009749741E-5
0.22000000000000003       7.825123605818925E-5
0.22500000000000003       7.74746951185079E-5
0.23000000000000004       7.672788571182124E-5
0.23500000000000004       7.60089304150586E-5
0.24000000000000005       7.5316109421034E-5
0.24499999999999994       7.464784455730162E-5
0.24999999999999994       7.400268574454665E-5
0.25500000000000006       7.337929909119637E-5
0.25999999999999995       7.27764558841034E-5
0.26499999999999996       7.219302259679522E-5
0.26999999999999996       7.162795200455938E-5
0.27499999999999997       7.108027523038468E-5
0.2800000000000001        7.054909457084118E-5
0.2850000000000001        7.003357704441042E-5
0.29                      6.953294860483167E-5
0.295                     6.904648894219905E-5
0.3                       6.857352680417229E-5
0.295                     6.81098733996442E-5
0.29                      6.765903177678307E-5
0.2850000000000001        6.722170011972016E-5
0.2800000000000001        6.679537314338497E-5
0.2750000000000001        6.637899506753567E-5
0.26999999999999996       6.597272980569569E-5
0.26499999999999996       6.557621824261301E-5
0.25999999999999995       6.518871760507568E-5
0.25500000000000006       6.48096975763952E-5
0.25000000000000006       6.443876528779498E-5
0.24499999999999994       6.407545544668542E-5
0.23999999999999994       6.371925095495433E-5
0.23499999999999993       6.336964191340085E-5
0.22999999999999993       6.302610609260717E-5
0.22500000000000003       6.268807698479867E-5
0.22000000000000003       6.235493569793902E-5
0.21500000000000002       6.20260036697757E-5
0.21000000000000002       6.17005243115485E-5
0.20500000000000002       6.137764054900306E-5
0.20000000000000012       6.105637103711883E-5
0.19499999999999995       6.073558166902135E-5
0.19                      6.041395027415014E-5
0.185                     6.008992409095157E-5
0.18                      5.976166885470649E-5
0.17500000000000004       5.942700746718646E-5
0.16999999999999993       5.9083346062830095E-5
0.16499999999999992       5.8727585098646333E-5
0.15999999999999998       5.835601261854695E-5
0.15499999999999997       5.7964176328819705E-5
0.14999999999999997       5.7546730659486617E-5
0.14500000000000002       5.7097254524272785E-5
0.14                      5.6608035055076874E-5
0.13500000000000006       5.6069812277613276E-5
0.13000000000000006       5.547147963991218E-5
0.1250000000000001        5.4799735678684314E-5
0.12                      5.403868317733126E-5
0.11499999999999999       5.316747955790188E-5
0.10999999999999999       5.2172892537450314E-5
0.10500000000000004       5.1011890015264616E-5
0.10000000000000003       4.967011314263815E-5
0.09499999999999992       4.810166780910243E-5
0.09000000000000008       4.626503371902905E-5
0.08499999999999996       4.411279309633456E-5
0.07999999999999996       4.159024283550445E-5
0.07500000000000001       3.863677310138492E-5
0.07                      3.5186735213727916E-5
0.06500000000000006       3.11711644340478E-5
0.06000000000000005       2.6520734178659355E-5
0.05499999999999994       2.1170160448529204E-5
0.0500000000000001        1.506430273045951E-5
0.044999999999999984      8.166043809481727E-6
0.04000000000000015       4.6576323766346984E-7
0.03500000000000003       -8.008540258674261E-6
0.029999999999999916      -1.7181599319288262E-5
0.025000000000000022      -2.6922633377772025E-5
0.019999999999999907      -3.704237255950248E-5
0.015000000000000069      -4.729682853628269E-5
0.009999999999999953      -5.7399859957408984E-5
0.0050000000000000044     -6.704313470169159E-5
0                         -7.592258642734395E-5
-0.0050000000000000044    -8.37671829879391E-5
-0.009999999999999953     -9.036471513131502E-5
-0.014999999999999958     -9.558001053373556E-5
-0.020000000000000073     -9.936249349157356E-5
-0.02499999999999991      -1.0174255716048018E-4
-0.030000000000000027     -1.0281867373662602E-4
-0.034999999999999865     -1.0273881515988742E-4
-0.03999999999999998      -1.0168012943939254E-4
-0.045000000000000095     -9.983019612026826E-5
-0.04999999999999993      -9.737196396303922E-5
-0.05500000000000008      -9.447319417896788E-5
-0.06000000000000005      -9.128025980864734E-5
-0.06500000000000003      -8.791557192658124E-5
-0.07                     -8.44776677374879E-5
-0.07500000000000001      -8.104301297815761E-5
-0.07999999999999999      -7.766873238822418E-5
-0.0850000000000001       -7.439568990248456E-5
-0.08999999999999994      -7.125153491227795E-5
-0.09500000000000006      -6.825348882397728E-5
-0.0999999999999999       -6.541076400665945E-5
-0.10500000000000001      -6.272658615129728E-5
-0.11000000000000013      -6.019983649495453E-5
-0.11499999999999999      -5.782635256632419E-5
-0.1200000000000001       -5.559993569562228E-5
-0.12499999999999994      -5.351311594671116E-5
-0.13000000000000006      -5.1557721935290386E-5
-0.13500000000000004      -4.972529626540253E-5
-0.14000000000000004      -4.800739023076871E-5
-0.14500000000000002      -4.639576576712337E-5
-0.15                     -4.488252804565326E-5
-0.15499999999999997      -4.3460207543970326E-5
-0.1600000000000001       -4.2121805763758964E-5
-0.16499999999999995      -4.0860814710223796E-5
-0.17000000000000007      -3.967121743061559E-5
-0.1749999999999999       -3.854797866609791E-5
-0.18000000000000002      -3.748657821954898E-5
-0.18500000000000014      -3.64810011667285E-5
-0.19                     -3.552638987875744E-5
-0.19500000000000012      -3.4619505679895745E-5
-0.19999999999999996      -3.375716304658994E-5
-0.20500000000000007      -3.293598005299168E-5
-0.21000000000000005      -3.215294066335284E-5
-0.21500000000000002      -3.1405448214566104E-5
-0.22000000000000003      -3.069109950883977E-5
-0.22499999999999998      -3.0007643518345944E-5
-0.22999999999999998      -2.9353032665809593E-5
-0.2350000000000001       -2.8725410859309197E-5
-0.23999999999999994      -2.812307360007451E-5
-0.24500000000000005      -2.7544451646116678E-5
-0.2499999999999999       -2.698810535546613E-5
-0.255                    -2.6452712926931195E-5
-0.2600000000000001       -2.5937056968771005E-5
-0.26499999999999996      -2.5440014605981105E-5
-0.2700000000000001       -2.496054941450805E-5
-0.27499999999999997      -2.4497703389260973E-5
-0.2800000000000001       -2.4050589427292624E-5
-0.28500000000000003      -2.3618384819544638E-5
-0.29000000000000004      -2.3200325527116488E-5
-0.295                    -2.2795701017430602E-5
-0.3                      -2.2403849640547502E-5
