% Model:              Untitled.mph
% Version:            COMSOL 6.0.0.405
% Date:               Jul 7 2022, 12:36
% Dimension:          1
% Nodes:              241
% Expressions:        1
% Description:        Global
% -E_time (V)             Value
-0.3                      4.7310052842286745E-8
-0.295                    2.888891931824832E-9
-0.29                     5.3442136591291904E-9
-0.285                    5.694289660627366E-9
-0.27999999999999997      6.437610948415389E-9
-0.27499999999999997      7.579981178596526E-9
-0.27                     9.243564123507813E-9
-0.265                    1.1173984007582088E-8
-0.26                     1.3461973578286462E-8
-0.255                    1.6286846616221528E-8
-0.25                     1.9741852778033344E-8
-0.245                    2.393088555780157E-8
-0.24                     2.902038590790836E-8
-0.235                    3.52118828433399E-8
-0.22999999999999998      4.273673420047274E-8
-0.22499999999999998      5.1905207330674447E-8
-0.21999999999999997      6.294803322114936E-8
-0.215                    7.640184193904E-8
-0.21                     9.27560461569293E-8
-0.20500000000000002      1.1261686775108664E-7
-0.2                      1.367348285736946E-7
-0.195                    1.6601882571306738E-7
-0.19                     2.0157094025019703E-7
-0.185                    2.4472769746769814E-7
-0.18                     2.971090283672867E-7
-0.175                    3.606775460936627E-7
-0.16999999999999998      4.3780995382403115E-7
-0.16499999999999998      5.313828594349422E-7
-0.16                     6.448757092000868E-7
-0.15499999999999997      7.824939479040368E-7
-0.15                     9.493159335641426E-7
-0.14500000000000002      1.1514675416966278E-6
-0.13999999999999999      1.396328735319109E-6
-0.13499999999999998      1.6927765773392212E-6
-0.13                     2.0514691046170274E-6
-0.12500000000000003      2.4851739936544214E-6
-0.12                     3.0091447744021506E-6
-0.11499999999999999      3.641545134859962E-6
-0.11000000000000001      4.403918115492839E-6
-0.10499999999999998      5.3216910675710104E-6
-0.1                      6.424698311097382E-6
-0.095                    7.74769047072659E-6
-0.09                     9.330781378511536E-6
-0.08500000000000002      1.1219759158193054E-5
-0.07999999999999999      1.3466157000646787E-5
-0.07500000000000001      1.612694157324575E-5
-0.06999999999999998      1.9263635331121105E-5
-0.065                    2.2940648932084467E-5
-0.06                     2.7222572281689432E-5
-0.05499999999999999      3.21701748803688E-5
-0.05000000000000002      3.7834922818498426E-5
-0.044999999999999984     4.425196082741647E-5
-0.03999999999999998      5.143176126392225E-5
-0.034999999999999976     5.935101992729983E-5
-0.02999999999999997      6.794385643201702E-5
-0.025000000000000022     7.709487003230657E-5
-0.020000000000000018     8.663595438685431E-5
-0.015000000000000013     9.634877826037018E-5
-0.009999999999999953     1.0597429854588966E-4
-0.0050000000000000044    1.152295145491151E-4
0                         1.2383005692017624E-4
0.0050000000000000044     1.3151555462769326E-4
0.009999999999999953      1.3807361877312449E-4
0.015000000000000013      1.4335821556379748E-4
0.020000000000000018      1.4729931452489247E-4
0.024999999999999967      1.4990266706858116E-4
0.030000000000000027      1.5124072870902462E-4
0.03500000000000003       1.514373895421027E-4
0.03999999999999998       1.506498992990651E-4
0.044999999999999984      1.4905114725451658E-4
0.04999999999999993       1.4681458552221044E-4
0.05499999999999999       1.4410298531750544E-4
0.06                      1.4106123710500197E-4
0.06500000000000006       1.3781273247216448E-4
0.07                      1.344585274668828E-4
0.07500000000000001       1.3107841627165622E-4
0.07999999999999996       1.2773313969387625E-4
0.08499999999999996       1.2446712356591695E-4
0.09000000000000002       1.21311324253001E-4
0.09499999999999997       1.182859171615646E-4
0.09999999999999998       1.1540268608308847E-4
0.10499999999999998       1.1266705614496579E-4
0.10999999999999999       1.1007976700846292E-4
0.11499999999999999       1.0763821355263066E-4
0.12                      1.0533749587488056E-4
0.12499999999999994       1.031712248624567E-4
0.12999999999999995       1.011321281011088E-4
0.13500000000000006       9.921249636521455E-5
0.14                      9.740521637503674E-5
0.14500000000000002       9.570574527331078E-5
0.14999999999999997       9.410184787142412E-5
0.15499999999999997       9.258409639969874E-5
0.16000000000000003       9.114825192328077E-5
0.16499999999999998       8.978943991471337E-5
0.16999999999999998       8.850124929251652E-5
0.175                     8.727801735710088E-5
0.18                      8.611515150472897E-5
0.185                     8.500832030673414E-5
0.19                      8.395333836487026E-5
0.19499999999999995       8.294641523130053E-5
0.19999999999999996       8.198415704856735E-5
0.20500000000000002       8.106344939370524E-5
0.21000000000000002       8.0181424725446E-5
0.21500000000000002       7.933546854542965E-5
0.22000000000000003       7.852319882874749E-5
0.22500000000000003       7.774243538034281E-5
0.23000000000000004       7.699118023266941E-5
0.23500000000000004       7.626760329211126E-5
0.24000000000000005       7.557002648354929E-5
0.24499999999999994       7.489690829592611E-5
0.24999999999999994       7.424683073300457E-5
0.25500000000000006       7.361848788145565E-5
0.25999999999999995       7.301067532761057E-5
0.26499999999999996       7.242228054561497E-5
0.26999999999999996       7.185227436013607E-5
0.27499999999999997       7.129970331112064E-5
0.2800000000000001        7.076368276877382E-5
0.2850000000000001        7.024339074334553E-5
0.29                      6.97380623354427E-5
0.295                     6.924698475156524E-5
0.3                       6.876949281870077E-5
0.295                     6.829093341227001E-5
0.29                      6.78256265517665E-5
0.2850000000000001        6.737857001486099E-5
0.2800000000000001        6.694266972860338E-5
0.2750000000000001        6.651527625021656E-5
0.26999999999999996       6.609806390703247E-5
0.26499999999999996       6.569103217305546E-5
0.25999999999999995       6.529278157296283E-5
0.25500000000000006       6.490255807209413E-5
0.25000000000000006       6.452008149107631E-5
0.24499999999999994       6.414485056643962E-5
0.23999999999999994       6.377620555458612E-5
0.23499999999999993       6.341354356697013E-5
0.22999999999999993       6.305628017940977E-5
0.22500000000000003       6.270376617713064E-5
0.22000000000000003       6.235528600294567E-5
0.21500000000000002       6.20100663241763E-5
0.21000000000000002       6.166725488343367E-5
0.20500000000000002       6.132589288107874E-5
0.20000000000000012       6.0984892251670935E-5
0.19499999999999995       6.064300908588447E-5
0.19                      6.0298808527455976E-5
0.185                     5.995062256151128E-5
0.18                      5.95965003936354E-5
0.17500000000000004       5.9234148897914176E-5
0.16999999999999993       5.88608608309021E-5
0.16499999999999992       5.8473428779890677E-5
0.15999999999999998       5.806804226284663E-5
0.15499999999999997       5.76401648079246E-5
0.14999999999999997       5.718438748946376E-5
0.14500000000000002       5.669425506453486E-5
0.14                      5.6162060512854597E-5
0.13500000000000006       5.5578603592002215E-5
0.13000000000000006       5.493290912041549E-5
0.1250000000000001        5.421190124272286E-5
0.12                      5.340003116305357E-5
0.11499999999999999       5.2477014058737206E-5
0.10999999999999999       5.14300641546024E-5
0.10500000000000004       5.021767388677963E-5
0.10000000000000003       4.8826048420802256E-5
0.09499999999999992       4.721148968029144E-5
0.09000000000000008       4.533450842664778E-5
0.08499999999999996       4.315037916000637E-5
0.07999999999999996       4.060779339843811E-5
0.07500000000000001       3.765022709567797E-5
0.07                      3.4216843476261844E-5
0.06500000000000006       3.024415643859301E-5
0.06000000000000005       2.566879735442373E-5
0.05499999999999994       2.0431558159326533E-5
0.0500000000000001        1.448290380663151E-5
0.044999999999999984      7.790003117388492E-6
0.04000000000000015       3.450893387854925E-7
0.03500000000000003       -7.82557998276561E-6
0.029999999999999916      -1.6653293046489653E-5
0.025000000000000022      -2.60198012432967E-5
0.019999999999999907      -3.575406326135653E-5
0.015000000000000069      -4.563502403234997E-5
0.009999999999999953      -5.5402154952973625E-5
0.0050000000000000044     -6.477203961861362E-5
0                         -7.346096438173516E-5
-0.0050000000000000044    -8.121038798357283E-5
-0.009999999999999953     -8.781079325474122E-5
-0.014999999999999958     -9.311979545341675E-5
-0.020000000000000073     -9.70714838490758E-5
-0.02499999999999991      -9.967587738159659E-5
-0.030000000000000027     -1.0100951220391383E-4
-0.034999999999999865     -1.011999065205523E-4
-0.03999999999999998      -1.0040732017347061E-4
-0.045000000000000095     -9.880697634549058E-5
-0.04999999999999993      -9.657401161227493E-5
-0.05500000000000008      -9.387230483360843E-5
-0.06000000000000005      -9.084736911630548E-5
-0.06500000000000003      -8.762283190051222E-5
-0.07                     -8.429969389670938E-5
-0.07500000000000001      -8.095748890386016E-5
-0.07999999999999999      -7.765656537842087E-5
-0.0850000000000001       -7.444088365898053E-5
-0.08999999999999994      -7.134090505653992E-5
-0.09500000000000006      -6.837630850968186E-5
-0.0999999999999999       -6.555839550427295E-5
-0.10500000000000001      -6.289213127986754E-5
-0.11000000000000013      -6.037782335232381E-5
-0.11499999999999999      -5.8012465815878694E-5
-0.1200000000000001       -5.579079065786497E-5
-0.12499999999999994      -5.370607248226667E-5
-0.13000000000000006      -5.175073260575677E-5
-0.13500000000000004      -4.9916783594989095E-5
-0.14000000000000004      -4.8196148588289626E-5
-0.14500000000000002      -4.6580883708386325E-5
-0.15                     -4.5063327105155664E-5
-0.15499999999999997      -4.363619387305451E-5
-0.1600000000000001       -4.22926317401207E-5
-0.16499999999999995      -4.102624840836139E-5
-0.17000000000000007      -3.983111839332673E-5
-0.1749999999999999       -3.8702272151920035E-5
-0.18000000000000002      -3.763487484233947E-5
-0.18500000000000014      -3.662248119901443E-5
-0.19                     -3.566241413715642E-5
-0.19500000000000012      -3.4750942750885764E-5
-0.19999999999999996      -3.3883581785367516E-5
-0.20500000000000007      -3.305714403685983E-5
-0.21000000000000005      -3.226914081651816E-5
-0.21500000000000002      -3.151693025006501E-5
-0.22000000000000003      -3.0797946200313424E-5
-0.22499999999999998      -3.0109969987546203E-5
-0.22999999999999998      -2.9451017107822408E-5
-0.2350000000000001       -2.88192235624465E-5
-0.23999999999999994      -2.821286520906541E-5
-0.24500000000000005      -2.7630374976988084E-5
-0.2499999999999999       -2.707031731172785E-5
-0.255                    -2.6531366102010263E-5
-0.2600000000000001       -2.6012298246219355E-5
-0.26499999999999996      -2.5511987209013776E-5
-0.2700000000000001       -2.5029392812813327E-5
-0.27499999999999997      -2.456355229910646E-5
-0.2800000000000001       -2.4113573650076776E-5
-0.28500000000000003      -2.3678629447591562E-5
-0.29000000000000004      -2.3257950933695446E-5
-0.295                    -2.285082277340723E-5
-0.3                      -2.2456578535173415E-5
