% Model:              Untitled.mph
% Version:            COMSOL 6.0.0.405
% Date:               Sep 29 2022, 12:21
% Dimension:          1
% Nodes:              241
% Expressions:        1
% Description:        Global
% -E_time (V)             Value
-0.3                      3.356765189706003E-8
-0.295                    6.01695067373586E-9
-0.29                     6.066288216916639E-9
-0.285                    6.572886357098198E-9
-0.27999999999999997      7.531950313425158E-9
-0.27499999999999997      8.859897456058723E-9
-0.27                     1.0759358956227338E-8
-0.265                    1.3004218928120247E-8
-0.26                     1.5675047876720914E-8
-0.255                    1.895872120119342E-8
-0.25                     2.2973904486148555E-8
-0.245                    2.786129107121817E-8
-0.24                     3.375805296101553E-8
-0.235                    4.0947388587076994E-8
-0.22999999999999998      4.9693857715679596E-8
-0.22499999999999998      6.032359941528481E-8
-0.21999999999999997      7.324032770542908E-8
-0.215                    8.893396648718137E-8
-0.21                     1.0799943718450233E-7
-0.20500000000000002      1.3115932108981833E-7
-0.2                      1.592909392863908E-7
-0.195                    1.9345926900500645E-7
-0.19                     2.3495682901469175E-7
-0.185                    2.8535194062357395E-7
-0.18                     3.465470777779212E-7
-0.175                    4.2084934063798156E-7
-0.16999999999999998      5.110554626976651E-7
-0.16499999999999998      6.20554190664748E-7
-0.16                     7.534493558358366E-7
-0.15499999999999997      9.147074783886113E-7
-0.15                     1.1103342943878385E-6
-0.14500000000000002      1.3475851364055432E-6
-0.13999999999999999      1.6352145761503087E-6
-0.13499999999999998      1.9837710602584687E-6
-0.13                     2.4059422966978465E-6
-0.12500000000000003      2.9169566653514026E-6
-0.12                     3.5350446185193725E-6
-0.11499999999999999      4.281961456404436E-6
-0.11000000000000001      5.183568384228751E-6
-0.10499999999999998      6.270461538519183E-6
-0.1                      7.5786276171443965E-6
-0.095                    9.150088517389311E-6
-0.09                     1.1033474456331849E-5
-0.08500000000000002      1.3284433925437906E-5
-0.07999999999999999      1.5965748497753165E-5
-0.07500000000000001      1.9146971226644135E-5
-0.06999999999999998      2.2903352018947318E-5
-0.065                    2.731375932466464E-5
-0.06                     3.2457269088115015E-5
-0.05499999999999999      3.8408092772594784E-5
-0.05000000000000002      4.5228590284346645E-5
-0.044999999999999984     5.296030208847444E-5
-0.03999999999999998      6.161327645424712E-5
-0.034999999999999976     7.115447844723802E-5
-0.02999999999999997      8.14967096040047E-5
-0.025000000000000022     9.24901181841242E-5
-0.020000000000000018     1.0391881658337845E-4
-0.015000000000000013     1.1550505502680824E-4
-0.009999999999999953     1.2692257478884257E-4
-0.0050000000000000044    1.3781912033120644E-4
0                         1.4784590663138793E-4
0.0050000000000000044     1.566897470181645E-4
0.009999999999999953      1.6410233551571112E-4
0.015000000000000013      1.6992142793761122E-4
0.020000000000000018      1.7408042075324324E-4
0.024999999999999967      1.7660551285271205E-4
0.030000000000000027      1.7760232180037274E-4
0.03500000000000003       1.772356672722068E-4
0.03999999999999998       1.7570682456036576E-4
0.044999999999999984      1.732320056487004E-4
0.04999999999999993       1.7002460272021048E-4
0.05499999999999999       1.6628235546480976E-4
0.06                      1.6217946531980632E-4
0.06500000000000006       1.5786294927774863E-4
0.07                      1.5345219793191662E-4
0.07500000000000001       1.4904067499455086E-4
0.07999999999999996       1.4469884330607204E-4
0.08499999999999996       1.4047762061470924E-4
0.09000000000000002       1.3641188821130067E-4
0.09499999999999997       1.3252376128038048E-4
0.09999999999999998       1.2882546973196505E-4
0.10499999999999998       1.2532179417335557E-4
0.10999999999999999       1.2201206155934773E-4
0.11499999999999999       1.1889173836105488E-4
0.12                      1.1595367433499201E-4
0.12499999999999994       1.1318905386655583E-4
0.12999999999999995       1.1058810924202292E-4
0.13500000000000006       1.081406443162564E-4
0.14                      1.0583640992722454E-4
0.14500000000000002       1.036653652505271E-4
0.14999999999999997       1.0161873053035775E-4
0.15499999999999997       9.968945002173674E-5
0.16000000000000003       9.786529269344301E-5
0.16499999999999998       9.613637498376812E-5
0.16999999999999998       9.449698057699381E-5
0.175                     9.294134096078175E-5
0.18                      9.146277861928158E-5
0.185                     9.005526999195855E-5
0.19                      8.87137375399501E-5
0.19499999999999995       8.743348415132122E-5
0.19999999999999996       8.621006295717364E-5
0.20500000000000002       8.503942681140376E-5
0.21000000000000002       8.391792806545173E-5
0.21500000000000002       8.284222866578729E-5
0.22000000000000003       8.180926221279622E-5
0.22500000000000003       8.081622692472552E-5
0.23000000000000004       7.986056406600689E-5
0.23500000000000004       7.893992934220482E-5
0.24000000000000005       7.805217171053506E-5
0.24499999999999994       7.719531688839124E-5
0.24999999999999994       7.636755084830929E-5
0.25500000000000006       7.556720406890059E-5
0.25999999999999995       7.479273784898838E-5
0.26499999999999996       7.404273224554518E-5
0.26999999999999996       7.331587505933067E-5
0.27499999999999997       7.261095185395245E-5
0.2800000000000001        7.192683703796948E-5
0.2850000000000001        7.126248587336609E-5
0.29                      7.06169272743362E-5
0.295                     6.998925732388641E-5
0.3                       6.93786334454611E-5
0.295                     6.876511001507147E-5
0.29                      6.81707174532841E-5
0.2850000000000001        6.760212635326137E-5
0.2800000000000001        6.704789403149778E-5
0.2750000000000001        6.650406417471249E-5
0.26999999999999996       6.597356479179126E-5
0.26499999999999996       6.545665799903055E-5
0.25999999999999995       6.495134948620688E-5
0.25500000000000006       6.445665651727514E-5
0.25000000000000006       6.397238478165077E-5
0.24499999999999994       6.349801690530194E-5
0.23999999999999994       6.303278646751595E-5
0.23499999999999993       6.25760261272091E-5
0.22999999999999993       6.212712294777876E-5
0.22500000000000003       6.168538990270798E-5
0.22000000000000003       6.125006374123203E-5
0.21500000000000002       6.082032504041504E-5
0.21000000000000002       6.039527385110458E-5
0.20500000000000002       5.9973894477133024E-5
0.20000000000000012       5.9555028995789536E-5
0.19499999999999995       5.9137347274456086E-5
0.19                      5.87193059897843E-5
0.185                     5.82990988880921E-5
0.18                      5.787459851881435E-5
0.17500000000000004       5.7443286242402176E-5
0.16999999999999993       5.7002167547702004E-5
0.16499999999999992       5.654767026219806E-5
0.15999999999999998       5.607552256121122E-5
0.15499999999999997       5.558060686641848E-5
0.14999999999999997       5.50567852502129E-5
0.14500000000000002       5.449669151413274E-5
0.14                      5.389148460071378E-5
0.13500000000000006       5.3230557625576665E-5
0.13000000000000006       5.2501196755691815E-5
0.1250000000000001        5.16881845777482E-5
0.12                      5.077152604927588E-5
0.11499999999999999       4.973686635652887E-5
0.10999999999999999       4.8551533282589085E-5
0.10500000000000004       4.718603345046853E-5
0.10000000000000003       4.560541744966628E-5
0.09499999999999992       4.37679974254654E-5
0.09000000000000008       4.1625542176199887E-5
0.08499999999999996       3.912282159688857E-5
0.07999999999999996       3.61974125598178E-5
0.07500000000000001       3.27799971454232E-5
0.07                      2.8795334192275488E-5
0.06500000000000006       2.4164197294605445E-5
0.06000000000000005       1.8806613807515184E-5
0.05499999999999994       1.2646745527605012E-5
0.0500000000000001        5.619694277849986E-6
0.044999999999999984      -2.3196514595574635E-6
0.04000000000000015       -1.1185930833237043E-5
0.03500000000000003       -2.0951472194371904E-5
0.029999999999999916      -3.1534661127447594E-5
0.025000000000000022      -4.279116226657055E-5
0.019999999999999907      -5.45087788881452E-5
0.015000000000000069      -6.641009587322647E-5
0.009999999999999953      -7.816526576311314E-5
0.0050000000000000044     -8.941517563119186E-5
0                         -9.9800659144386E-5
-0.0050000000000000044    -1.0899534089837822E-4
-0.009999999999999953     -1.1673733940429233E-4
-0.014999999999999958     -1.228530973373126E-4
-0.020000000000000073     -1.2726867911992904E-4
-0.02499999999999991      -1.3000758795684789E-4
-0.030000000000000027     -1.311771536058831E-4
-0.034999999999999865     -1.3094738223788744E-4
-0.03999999999999998      -1.295268761554187E-4
-0.045000000000000095     -1.271399587144431E-4
-0.04999999999999993      -1.2400781117660297E-4
-0.05500000000000008      -1.2033490474467575E-4
-0.06000000000000005      -1.1630075947281197E-4
-0.06500000000000003      -1.1205624627099565E-4
-0.07                     -1.0772328123050377E-4
-0.07500000000000001      -1.0339675118035736E-4
-0.07999999999999999      -9.914769397233033E-5
-0.0850000000000001       -9.502699828606286E-5
-0.08999999999999994      -9.10691199333391E-5
-0.09500000000000006      -8.729551220346471E-5
-0.0999999999999999       -8.37176224993808E-5
-0.10500000000000001      -8.033940981240368E-5
-0.11000000000000013      -7.715939578288147E-5
-0.11499999999999999      -7.417229229852857E-5
-0.1200000000000001       -7.137026316497527E-5
-0.12499999999999994      -6.874388193683559E-5
-0.13000000000000006      -6.62828450834306E-5
-0.13500000000000004      -6.397649215523624E-5
-0.14000000000000004      -6.181417578669002E-5
-0.14500000000000002      -5.978551641673364E-5
-0.15                     -5.7880570008816895E-5
-0.15499999999999997      -5.608993136963371E-5
-0.1600000000000001       -5.440479064185989E-5
-0.16499999999999995      -5.2816956321960556E-5
-0.17000000000000007      -5.13188548439336E-5
-0.1749999999999999       -4.9903514241333374E-5
-0.18000000000000002      -4.8565118885568836E-5
-0.18500000000000014      -4.729772978770731E-5
-0.19                     -4.6094584703625065E-5
-0.19500000000000012      -4.49520487357119E-5
-0.19999999999999996      -4.386576360029851E-5
-0.20500000000000007      -4.283084155323767E-5
-0.21000000000000005      -4.1843580493462786E-5
-0.21500000000000002      -4.090098588786253E-5
-0.22000000000000003      -4.000002954911842E-5
-0.22499999999999998      -3.913780480948655E-5
-0.22999999999999998      -3.8311752589642305E-5
-0.2350000000000001       -3.7519573651581665E-5
-0.23999999999999994      -3.675912615580074E-5
-0.24500000000000005      -3.6028431217954907E-5
-0.2499999999999999       -3.532568312370178E-5
-0.255                    -3.464922589765341E-5
-0.2600000000000001       -3.3997531021744656E-5
-0.26499999999999996      -3.336918798707996E-5
-0.2700000000000001       -3.276289596954972E-5
-0.27499999999999997      -3.217745288879462E-5
-0.2800000000000001       -3.161174552832111E-5
-0.28500000000000003      -3.106474172385322E-5
-0.29000000000000004      -3.05354833238767E-5
-0.295                    -3.002307952828466E-5
-0.3                      -2.9526700926277528E-5
