% Model:              Untitled.mph
% Version:            COMSOL 6.0.0.405
% Date:               Sep 29 2022, 06:24
% Dimension:          1
% Nodes:              241
% Expressions:        1
% Description:        Global
% -E_time (V)             Value
-0.3                      3.285460688795618E-8
-0.295                    6.040093797391295E-9
-0.29                     6.097591170859439E-9
-0.285                    6.549656798091127E-9
-0.27999999999999997      7.521756142145085E-9
-0.27499999999999997      8.858016171463396E-9
-0.27                     1.075722813782298E-8
-0.265                    1.3000112054155875E-8
-0.26                     1.5669994921463763E-8
-0.255                    1.89522199739963E-8
-0.25                     2.2964677034193864E-8
-0.245                    2.783545696953338E-8
-0.24                     3.375460801933355E-8
-0.235                    4.097764701845423E-8
-0.22999999999999998      4.968255765045924E-8
-0.22499999999999998      6.028718752911808E-8
-0.21999999999999997      7.318231807710553E-8
-0.215                    8.884686712811656E-8
-0.21                     1.0787335649052329E-7
-0.20500000000000002      1.3098018797910096E-7
-0.2                      1.5903869683463004E-7
-0.195                    1.9310584136306576E-7
-0.19                     2.3446307846310236E-7
-0.185                    2.846633994017065E-7
-0.18                     3.4558802671123694E-7
-0.175                    4.1951459640080744E-7
-0.16999999999999998      5.091990038574495E-7
-0.16499999999999998      6.179734262836613E-7
-0.16                     7.498633951834789E-7
-0.15499999999999997      9.097271576864513E-7
-0.15                     1.1034209035271861E-6
-0.14500000000000002      1.3379936986838577E-6
-0.13999999999999999      1.6219160844648148E-6
-0.13499999999999998      1.9653461641997814E-6
-0.13                     2.3804364525849633E-6
-0.12500000000000003      2.881683585559752E-6
-0.12                     3.486320880752603E-6
-0.11499999999999999      4.2147503011998234E-6
-0.11000000000000001      5.091005098376872E-6
-0.10499999999999998      6.143226674465122E-6
-0.1                      7.404128305307287E-6
-0.095                    8.911403596398418E-6
-0.09                     1.0708018348779481E-5
-0.08500000000000002      1.2842300764834011E-5
-0.07999999999999999      1.5367717371472552E-5
-0.07500000000000001      1.8342192922896518E-5
-0.06999999999999998      2.1826806394710173E-5
-0.065                    2.5883679626151007E-5
-0.06                     3.057288148213132E-5
-0.05499999999999999      3.5948213228047234E-5
-0.05000000000000002      4.205183625805975E-5
-0.044999999999999984     4.8907864695971155E-5
-0.03999999999999998      5.651527605937338E-5
-0.034999999999999976     6.484077733594385E-5
-0.02999999999999997      7.381255797272314E-5
-0.025000000000000022     8.331609128711835E-5
-0.020000000000000018     9.319321591718366E-5
-0.015000000000000013     1.0324554661772651E-4
-0.009999999999999953     1.1324277813482055E-4
-0.0050000000000000044    1.229356875202686E-4
0                         1.3207274143775186E-4
0.0050000000000000044     1.404183921015164E-4
0.009999999999999953      1.4777063769604257E-4
0.015000000000000013      1.539754062350861E-4
0.020000000000000018      1.5893583424200417E-4
0.024999999999999967      1.6261543009133856E-4
0.030000000000000027      1.6503519214705584E-4
0.03500000000000003       1.6626571724134528E-4
0.03999999999999998       1.664159709186302E-4
0.044999999999999984      1.6562060508095767E-4
0.04999999999999993       1.640275378337918E-4
0.05499999999999999       1.6178708034044118E-4
0.06                      1.5904336235807534E-4
0.06500000000000006       1.5592830627830765E-4
0.07                      1.5255801321816944E-4
0.07500000000000001       1.49031184375202E-4
0.07999999999999996       1.4542909570642836E-4
0.08499999999999996       1.41816640826981E-4
0.09000000000000002       1.382440168792361E-4
0.09499999999999997       1.3474871694688672E-4
0.09999999999999998       1.3135758594290097E-4
0.10499999999999998       1.2808878030074548E-4
0.10999999999999999       1.249535387403556E-4
0.11499999999999999       1.219577207165225E-4
0.12                      1.1910310273079345E-4
0.12499999999999994       1.1638844360062353E-4
0.12999999999999995       1.1381034131167549E-4
0.13500000000000006       1.1136390913527368E-4
0.14                      1.0904329958500011E-4
0.14500000000000002       1.068421032214706E-4
0.14999999999999997       1.0475425302020198E-4
0.15499999999999997       1.0277531576986301E-4
0.16000000000000003       1.0089216497140167E-4
0.16499999999999998       9.910288711420386E-5
0.16999999999999998       9.740212481639597E-5
0.175                     9.578137829669265E-5
0.18                      9.423502786168698E-5
0.185                     9.275922434703892E-5
0.19                      9.134947840612054E-5
0.19499999999999995       9.000108366958924E-5
0.19999999999999996       8.870996227231698E-5
0.20500000000000002       8.747251289496553E-5
0.21000000000000002       8.628531234598186E-5
0.21500000000000002       8.514514458716718E-5
0.22000000000000003       8.404907401951176E-5
0.22500000000000003       8.299441129494389E-5
0.23000000000000004       8.197866578791808E-5
0.23500000000000004       8.099953361411629E-5
0.24000000000000005       8.005489090408671E-5
0.24499999999999994       7.914277710750653E-5
0.24999999999999994       7.826137817655131E-5
0.25500000000000006       7.740901438210261E-5
0.25999999999999995       7.658412956593814E-5
0.26499999999999996       7.578528029767058E-5
0.26999999999999996       7.501112588130296E-5
0.27499999999999997       7.426041959499732E-5
0.2800000000000001        7.3532000771737E-5
0.2850000000000001        7.282478751421831E-5
0.29                      7.213777008091684E-5
0.295                     7.147000492314107E-5
0.3                       7.082060928255026E-5
0.295                     7.00040720645291E-5
0.29                      6.929676986266511E-5
0.2850000000000001        6.864373414648597E-5
0.2800000000000001        6.800570913263859E-5
0.2750000000000001        6.738199492021267E-5
0.26999999999999996       6.677879650863635E-5
0.26499999999999996       6.619374386709158E-5
0.25999999999999995       6.562246350375583E-5
0.25500000000000006       6.506352056852374E-5
0.25000000000000006       6.451658475922282E-5
0.24499999999999994       6.398069132184789E-5
0.23999999999999994       6.345463818339858E-5
0.23499999999999993       6.293747729625278E-5
0.22999999999999993       6.242837105937912E-5
0.22500000000000003       6.192641042596518E-5
0.22000000000000003       6.143062906575881E-5
0.21500000000000002       6.094003257490912E-5
0.21000000000000002       6.045356681650218E-5
0.20500000000000002       5.997007875693095E-5
0.20000000000000012       5.948829210078943E-5
0.19499999999999995       5.9006780168844726E-5
0.19                      5.852392779181639E-5
0.185                     5.803788606748788E-5
0.18                      5.754652074246556E-5
0.17500000000000004       5.7047351023927574E-5
0.16999999999999993       5.6537476277182275E-5
0.16499999999999992       5.601348891704189E-5
0.15999999999999998       5.547137119919147E-5
0.15499999999999997       5.490637293215195E-5
0.14999999999999997       5.4312866877229245E-5
0.14500000000000002       5.368417838823041E-5
0.14                      5.30123855559621E-5
0.13500000000000006       5.228808595800343E-5
0.13000000000000006       5.150012621077116E-5
0.1250000000000001        5.063529097450098E-5
0.12                      4.9677949052412496E-5
0.11499999999999999       4.860781159550845E-5
0.10999999999999999       4.7409973000466533E-5
0.10500000000000004       4.605317124144628E-5
0.10000000000000003       4.450803444618907E-5
0.09499999999999992       4.2740910668282605E-5
0.09000000000000008       4.0712403217683546E-5
0.08499999999999996       3.837757715118263E-5
0.07999999999999996       3.56858388087825E-5
0.07500000000000001       3.2581032992197236E-5
0.07                      2.900199599368751E-5
0.06500000000000006       2.4883715414334248E-5
0.06000000000000005       2.015930890886949E-5
0.05499999999999994       1.4763055091159945E-5
0.0500000000000001        8.634697778158691E-6
0.044999999999999984      1.725185729130145E-6
0.04000000000000015       -5.996122598215999E-6
0.03500000000000003       -1.453298793191508E-5
0.029999999999999916      -2.385306338344101E-5
0.025000000000000022      -3.387889997461544E-5
0.019999999999999907      -4.4481651558544704E-5
0.015000000000000069      -5.5475788353856974E-5
0.009999999999999953      -6.662163186070972E-5
0.0050000000000000044     -7.763363986144584E-5
0                         -8.819752936755723E-5
-0.0050000000000000044    -9.799317738380393E-5
-0.009999999999999953     -1.0672169072053183E-4
-0.014999999999999958     -1.1413305228343557E-4
-0.020000000000000073     -1.2004934634078076E-4
-0.02499999999999991      -1.2437916260535874E-4
-0.030000000000000027     -1.2712081529406212E-4
-0.034999999999999865     -1.2835450436206563E-4
-0.03999999999999998      -1.2822579265254472E-4
-0.045000000000000095     -1.2692422937243104E-4
-0.04999999999999993      -1.246612299343924E-4
-0.05500000000000008      -1.216505359976511E-4
-0.06000000000000005      -1.1809324997315464E-4
-0.06500000000000003      -1.1416808241965797E-4
-0.07                     -1.1002639794527091E-4
-0.07500000000000001      -1.0579104704531474E-4
-0.07999999999999999      -1.0155780266458722E-4
-0.0850000000000001       -9.739833042203449E-5
-0.08999999999999994      -9.336385135499293E-5
-0.09500000000000006      -8.948890912045498E-5
-0.0999999999999999       -8.579488262082654E-5
-0.10500000000000001      -8.22930637703703E-5
-0.11000000000000013      -7.898723951914926E-5
-0.11499999999999999      -7.587578655866803E-5
-0.1200000000000001       -7.295332357536238E-5
-0.12499999999999994      -7.021198298869555E-5
-0.13000000000000006      -6.764236883825619E-5
-0.13500000000000004      -6.523426380106473E-5
-0.14000000000000004      -6.297713990294728E-5
-0.14500000000000002      -6.0860517856493707E-5
-0.15                     -5.8874211312891467E-5
-0.15499999999999997      -5.700848512893511E-5
-0.1600000000000001       -5.5254150627944826E-5
-0.16499999999999995      -5.3602615538624573E-5
-0.17000000000000007      -5.2045901925381325E-5
-0.1749999999999999       -5.057664202407597E-5
-0.18000000000000002      -4.918867523277636E-5
-0.18500000000000014      -4.787580466803138E-5
-0.19                     -4.663061232764121E-5
-0.19500000000000012      -4.5449382536014466E-5
-0.19999999999999996      -4.432750509476178E-5
-0.20500000000000007      -4.32596933274957E-5
-0.21000000000000005      -4.224200229642487E-5
-0.21500000000000002      -4.127128175383631E-5
-0.22000000000000003      -4.034431263408496E-5
-0.22499999999999998      -3.9457989668292025E-5
-0.22999999999999998      -3.8609589276427956E-5
-0.2350000000000001       -3.779667043075282E-5
-0.23999999999999994      -3.701695681392065E-5
-0.24500000000000005      -3.626834489476438E-5
-0.2499999999999999       -3.5548917661597426E-5
-0.255                    -3.485691882486412E-5
-0.2600000000000001       -3.4190728030814294E-5
-0.26499999999999996      -3.35488509547957E-5
-0.2700000000000001       -3.29299106755348E-5
-0.27499999999999997      -3.2332635904076766E-5
-0.2800000000000001       -3.1755850335703716E-5
-0.28500000000000003      -3.119846431343531E-5
-0.29000000000000004      -3.065946729766849E-5
-0.295                    -3.013792068816995E-5
-0.3                      -2.963295139008315E-5
