% Model:              Untitled.mph
% Version:            COMSOL 6.0.0.405
% Date:               Sep 28 2022, 16:30
% Dimension:          1
% Nodes:              241
% Expressions:        1
% Description:        Global
% -E_time (V)             Value
-0.3                      9.052642268755036E-9
-0.295                    4.810884127771702E-9
-0.29                     6.1099489460470114E-9
-0.285                    6.573025850396078E-9
-0.27999999999999997      7.451769239281173E-9
-0.27499999999999997      8.740254917558392E-9
-0.27                     1.0593404239627491E-8
-0.265                    1.2769937905913886E-8
-0.26                     1.5347415150498298E-8
-0.255                    1.8504097056336247E-8
-0.25                     2.2344451683755233E-8
-0.245                    2.6977355401325787E-8
-0.24                     3.256752015623935E-8
-0.235                    3.9313371765704263E-8
-0.22999999999999998      4.7438947010378673E-8
-0.22499999999999998      5.7235624507116286E-8
-0.21999999999999997      6.89167869960152E-8
-0.215                    8.294721401560563E-8
-0.21                     9.975126890909531E-8
-0.20500000000000002      1.198209234481856E-7
-0.2                      1.437364252081921E-7
-0.195                    1.721644232032714E-7
-0.19                     2.0586499360779341E-7
-0.185                    2.45698433894751E-7
-0.18                     2.926300299955978E-7
-0.175                    3.477327288083591E-7
-0.16999999999999998      4.1218704316542226E-7
-0.16499999999999998      4.872775310371466E-7
-0.16                     5.743853263742351E-7
-0.15499999999999997      6.749763674666841E-7
-0.15                     7.905852147512806E-7
-0.14500000000000002      9.227946648065225E-7
-0.13999999999999999      1.073211725923483E-6
-0.13499999999999998      1.243440888748001E-6
-0.13                     1.4350559601015785E-6
-0.12500000000000003      1.6495719837931432E-6
-0.12                     1.8884189086718786E-6
-0.11499999999999999      2.1529186537891E-6
-0.11000000000000001      2.4442670543056363E-6
-0.10499999999999998      2.763521861879978E-6
-0.1                      3.111597551726412E-6
-0.095                    3.489267202167059E-6
-0.09                     3.89717121515724E-6
-0.08500000000000002      4.335832190579885E-6
-0.07999999999999999      4.805674896417521E-6
-0.07500000000000001      5.307050020366458E-6
-0.06999999999999998      5.840260258358696E-6
-0.065                    6.405587288054054E-6
-0.06                     7.003318273947541E-6
-0.05499999999999999      7.633770729737584E-6
-0.05000000000000002      8.297314794024942E-6
-0.044999999999999984     8.994392228160523E-6
-0.03999999999999998      9.725531695280425E-6
-0.034999999999999976     1.0491360107559015E-5
-0.02999999999999997      1.1292610021694862E-5
-0.025000000000000022     1.2130123213396851E-5
-0.020000000000000018     1.300485066894269E-5
-0.015000000000000013     1.391784929818405E-5
-0.009999999999999953     1.4870275703719266E-5
-0.0050000000000000044    1.586337734250227E-5
0                         1.689848139520064E-5
0.0050000000000000044     1.797685489792475E-5
0.009999999999999953      1.9100322143271213E-5
0.015000000000000013      2.0269908450406957E-5
0.020000000000000018      2.148732384611199E-5
0.024999999999999967      2.2754154273724278E-5
0.030000000000000027      2.407179319701829E-5
0.03500000000000003       2.5441631537481628E-5
0.03999999999999998       2.6865048933235533E-5
0.044999999999999984      2.8343324581958414E-5
0.04999999999999993       2.9877604188604802E-5
0.05499999999999999       3.146889111764163E-5
0.06                      3.311802045553329E-5
0.06500000000000006       3.482562431829673E-5
0.07                      3.6592100603584346E-5
0.07500000000000001       3.841758298036062E-5
0.07999999999999996       4.0301908690409924E-5
0.08499999999999996       4.2244585047322055E-5
0.09000000000000002       4.424475599116373E-5
0.09499999999999997       4.630116887509917E-5
0.09999999999999998       4.841214161383525E-5
0.10499999999999998       5.057553077928867E-5
0.10999999999999999       5.2788701352915736E-5
0.11499999999999999       5.504849881958969E-5
0.12                      5.7351224359781696E-5
0.12499999999999994       5.9692614006903945E-5
0.12999999999999995       6.206782270703087E-5
0.13500000000000006       6.447141426056972E-5
0.14                      6.689735815669071E-5
0.14500000000000002       6.933903432119692E-5
0.14999999999999997       7.178924677461344E-5
0.15499999999999997       7.424024713541381E-5
0.16000000000000003       7.668376880052743E-5
0.16499999999999998       7.911107248612783E-5
0.16999999999999998       8.151300361268234E-5
0.175                     8.388006176789949E-5
0.18                      8.62024821804431E-5
0.185                     8.847032878938134E-5
0.19                      9.067359810620037E-5
0.19499999999999995       9.280233264777556E-5
0.19999999999999996       9.484674228407103E-5
0.20500000000000002       9.679733141099251E-5
0.21000000000000002       9.864502944724762E-5
0.21500000000000002       1.0038132178751825E-4
0.22000000000000003       1.0199837804702196E-4
0.22500000000000003       1.034891742290196E-4
0.23000000000000004       1.0484760535951483E-4
0.23500000000000004       1.0606858518077367E-4
0.24000000000000005       1.0714812969049307E-4
0.24499999999999994       1.080834216614677E-4
0.24999999999999994       1.0887285377384964E-4
0.25500000000000006       1.095160486250351E-4
0.25999999999999995       1.1001385462621091E-4
0.26499999999999996       1.1036831761694677E-4
0.26999999999999996       1.1058262888889768E-4
0.27499999999999997       1.1066105116024838E-4
0.2800000000000001        1.106088248363914E-4
0.2850000000000001        1.1043205758321466E-4
0.29                      1.1013760078742482E-4
0.295                     1.0973291685222917E-4
0.3                       1.0922594145770547E-4
0.295                     1.0220536148235307E-4
0.29                      9.613666077137558E-5
0.2850000000000001        9.135851127197766E-5
0.2800000000000001        8.719757055074575E-5
0.2750000000000001        8.346794449574895E-5
0.26999999999999996       8.007563358791645E-5
0.26499999999999996       7.694681852733152E-5
0.25999999999999995       7.403159758060547E-5
0.25500000000000006       7.129459726811127E-5
0.25000000000000006       6.871155065448154E-5
0.24499999999999994       6.625862928895387E-5
0.23999999999999994       6.39192840036743E-5
0.23499999999999993       6.16812807420345E-5
0.22999999999999993       5.95341310482396E-5
0.22500000000000003       5.746897751451312E-5
0.22000000000000003       5.547864062611048E-5
0.21500000000000002       5.35571676123522E-5
0.21000000000000002       5.169946790399747E-5
0.20500000000000002       4.9901184673938334E-5
0.20000000000000012       4.815860112485594E-5
0.19499999999999995       4.646851771691666E-5
0.19                      4.482814892815379E-5
0.185                     4.323505201508236E-5
0.18                      4.168706844687272E-5
0.17500000000000004       4.018227029741217E-5
0.16999999999999993       3.871891424072978E-5
0.16499999999999992       3.729540309075083E-5
0.15999999999999998       3.5910252265228475E-5
0.15499999999999997       3.4562059732344395E-5
0.14999999999999997       3.324947904188227E-5
0.14500000000000002       3.197119490231676E-5
0.14                      3.0725900611081406E-5
0.13500000000000006       2.9512276803598127E-5
0.13000000000000006       2.8328971118161493E-5
0.1250000000000001        2.7174578389050434E-5
0.12                      2.6047620985968427E-5
0.11499999999999999       2.494652894487407E-5
0.10999999999999999       2.3869619554809377E-5
0.10500000000000004       2.2815076071196388E-5
0.10000000000000003       2.1780925229175594E-5
0.09499999999999992       2.0765013235991047E-5
0.09000000000000008       1.9764979927104416E-5
0.08499999999999996       1.877823078050371E-5
0.07999999999999996       1.780190649865617E-5
0.07500000000000001       1.68328498945825E-5
0.07                      1.5867569859758674E-5
0.06500000000000006       1.4902202253934333E-5
0.06000000000000005       1.3932467649840176E-5
0.05499999999999994       1.2953625995986341E-5
0.0500000000000001        1.1960428440656515E-5
0.044999999999999984      1.0947066809930398E-5
0.04000000000000015       9.907121562876629E-6
0.03500000000000003       8.833509486639978E-6
0.029999999999999916      7.718432964652816E-6
0.025000000000000022      6.553333387464988E-6
0.019999999999999907      5.328852201272788E-6
0.015000000000000069      4.034804248078927E-6
0.009999999999999953      2.6601694728218064E-6
0.0050000000000000044     1.1931107562513925E-6
0                         -3.7897236711604766E-7
-0.0050000000000000044    -2.0693421026299522E-6
-0.009999999999999953     -3.891758467103747E-6
-0.014999999999999958     -5.8602360790800424E-6
-0.020000000000000073     -7.988702202573566E-6
-0.02499999999999991      -1.029052922614874E-5
-0.030000000000000027     -1.2777962765767166E-5
-0.034999999999999865     -1.5461369632827604E-5
-0.03999999999999998      -1.8348176964083278E-5
-0.045000000000000095     -2.144202819575852E-5
-0.04999999999999993      -2.4741250390989815E-5
-0.05500000000000008      -2.823749781153163E-5
-0.06000000000000005      -3.191436993493529E-5
-0.06500000000000003      -3.5745995294088944E-5
-0.07                     -3.969573401611462E-5
-0.07500000000000001      -4.3715279413317215E-5
-0.07999999999999999      -4.7744473140983446E-5
-0.0850000000000001       -5.170485247731372E-5
-0.08999999999999994      -5.552938688108521E-5
-0.09500000000000006      -5.9126504046556476E-5
-0.0999999999999999       -6.240612386741686E-5
-0.10500000000000001      -6.528296145535046E-5
-0.11000000000000013      -6.768111931642786E-5
-0.11499999999999999      -6.954037741224896E-5
-0.1200000000000001       -7.082164087539845E-5
-0.12499999999999994      -7.151070412808113E-5
-0.13000000000000006      -7.161968453252363E-5
-0.13500000000000004      -7.118574520899156E-5
-0.14000000000000004      -7.026721283622377E-5
-0.14500000000000002      -6.893768468823686E-5
-0.15                     -6.727907858949807E-5
-0.15499999999999997      -6.537471410234266E-5
-0.1600000000000001       -6.330338812751444E-5
-0.16499999999999995      -6.113507594221884E-5
-0.17000000000000007      -5.892847087858052E-5
-0.1749999999999999       -5.673020579266984E-5
-0.18000000000000002      -5.4575364809528145E-5
-0.18500000000000014      -5.2488813507371374E-5
-0.19                     -5.0486915941610044E-5
-0.19500000000000012      -4.857931282985074E-5
-0.19999999999999996      -4.6770556648081146E-5
-0.20500000000000007      -4.506150354196549E-5
-0.21000000000000005      -4.345043514103501E-5
-0.21500000000000002      -4.193392606479315E-5
-0.22000000000000003      -4.050749268115642E-5
-0.22499999999999998      -3.916606423611293E-5
-0.22999999999999998      -3.790431554402602E-5
-0.2350000000000001       -3.671689514402972E-5
-0.23999999999999994      -3.559857647908342E-5
-0.24500000000000005      -3.454435351762808E-5
-0.2499999999999999       -3.35494969647196E-5
-0.255                    -3.260958299214994E-5
-0.2600000000000001       -3.172050318047716E-5
-0.26499999999999996      -3.08788069267433E-5
-0.2700000000000001       -3.008110635662132E-5
-0.27499999999999997      -2.9323022571023867E-5
-0.2800000000000001       -2.8602572675458678E-5
-0.28500000000000003      -2.791716538362599E-5
-0.29000000000000004      -2.726372303920805E-5
-0.295                    -2.6639985260722374E-5
-0.3                      -2.60441777637372E-5
