% Model:              Untitled.mph
% Version:            COMSOL 6.0.0.405
% Date:               Sep 28 2022, 05:47
% Dimension:          1
% Nodes:              241
% Expressions:        1
% Description:        Global
% -E_time (V)             Value
-0.3                      6.395374112855827E-9
-0.295                    3.4487771055387067E-9
-0.29                     6.464761921861143E-9
-0.285                    6.414895883527513E-9
-0.27999999999999997      7.344983361248905E-9
-0.27499999999999997      8.68067037605016E-9
-0.27                     1.0511675462819407E-8
-0.265                    1.2642377193910256E-8
-0.26                     1.5175266907323522E-8
-0.255                    1.827209619117297E-8
-0.25                     2.2024066369358762E-8
-0.245                    2.6535547940763302E-8
-0.24                     3.1961546202428843E-8
-0.235                    3.8483496765208255E-8
-0.22999999999999998      4.630393067868154E-8
-0.22499999999999998      5.5683953238404344E-8
-0.21999999999999997      6.681221750028017E-8
-0.215                    8.00918892643636E-8
-0.21                     9.588683693623287E-8
-0.20500000000000002      1.14608328272069E-7
-0.2                      1.3673100741424303E-7
-0.195                    1.6278748983450826E-7
-0.19                     1.933692023795015E-7
-0.185                    2.2912651975199708E-7
-0.18                     2.7076667330482215E-7
-0.175                    3.1904958147314583E-7
-0.16999999999999998      3.747814204797103E-7
-0.16499999999999998      4.3880586997055094E-7
-0.16                     5.119931735131679E-7
-0.15499999999999997      5.952273470907728E-7
-0.15                     6.893920628476411E-7
-0.14500000000000002      7.953559091380333E-7
-0.13999999999999999      9.139578557806094E-7
-0.13499999999999998      1.0459938149614222E-6
-0.13                     1.1922051703659435E-6
-0.12500000000000003      1.3532700468318876E-6
-0.12                     1.5297979183393902E-6
-0.11499999999999999      1.7223279219598933E-6
-0.11000000000000001      1.9313309851597586E-6
-0.10499999999999998      2.157215612320859E-6
-0.1                      2.400336940843692E-6
-0.095                    2.6610084896435335E-6
-0.09                     2.9395158973057886E-6
-0.08500000000000002      3.236131888756648E-6
-0.07999999999999999      3.5511317148375947E-6
-0.07500000000000001      3.884808368941165E-6
-0.06999999999999998      4.237486984868406E-6
-0.065                    4.609537944874262E-6
-0.06                     5.001388361262201E-6
-0.05499999999999999      5.4135317262153785E-6
-0.05000000000000002      5.846535642683306E-6
-0.044999999999999984     6.301047648096246E-6
-0.03999999999999998      6.777799218713576E-6
-0.034999999999999976     7.27760809550771E-6
-0.02999999999999997      7.801379103855982E-6
-0.025000000000000022     8.350103651995811E-6
-0.020000000000000018     8.924858090548647E-6
-0.015000000000000013     9.526801101117403E-6
-0.009999999999999953     1.015717025973899E-5
-0.0050000000000000044    1.0817277893808816E-5
0                         1.150850632151617E-5
0.0050000000000000044     1.2232302532891324E-5
0.009999999999999953      1.2990172342706483E-5
0.015000000000000013      1.3783532342500984E-5
0.020000000000000018      1.4614396161539343E-5
0.024999999999999967      1.5483921441968575E-5
0.030000000000000027      1.6394189353485985E-5
0.03500000000000003       1.734649044164815E-5
0.03999999999999998       1.834276683182835E-5
0.044999999999999984      1.9384795350627406E-5
0.04999999999999993       2.0474183247535087E-5
0.05499999999999999       2.161256878535765E-5
0.06                      2.2801605951775828E-5
0.06500000000000006       2.4042884242816735E-5
0.07                      2.533790939842879E-5
0.07500000000000001       2.668810354138891E-5
0.07999999999999996       2.8094786425387135E-5
0.08499999999999996       2.955914889611541E-5
0.09000000000000002       3.108222977654005E-5
0.09499999999999997       3.266489300216876E-5
0.09999999999999998       3.430780170242545E-5
0.10499999999999998       3.6011390210949224E-5
0.10999999999999999       3.777583511133765E-5
0.11499999999999999       3.960102522165797E-5
0.12                      4.148653045073005E-5
0.12499999999999994       4.3431569895662594E-5
0.12999999999999995       4.5434979629980914E-5
0.13500000000000006       4.749518059718423E-5
0.14                      4.961014710217234E-5
0.14500000000000002       5.1777376509262985E-5
0.14999999999999997       5.399386084067709E-5
0.15499999999999997       5.625606104225152E-5
0.16000000000000003       5.855988476104784E-5
0.16499999999999998       6.0900668551984264E-5
0.16999999999999998       6.327316548750501E-5
0.175                     6.567153918256111E-5
0.18                      6.808936526330504E-5
0.185                     7.051964129566778E-5
0.19                      7.295480614317784E-5
0.19499999999999995       7.538676963677066E-5
0.19999999999999996       7.780695330819721E-5
0.20500000000000002       8.020634275911272E-5
0.21000000000000002       8.257555200778967E-5
0.21500000000000002       8.49048998742647E-5
0.22000000000000003       8.718449813502555E-5
0.22500000000000003       8.940435080552131E-5
0.23000000000000004       9.155446350142693E-5
0.23500000000000004       9.362496140023278E-5
0.24000000000000005       9.560621388945082E-5
0.24499999999999994       9.748896356585666E-5
0.24999999999999994       9.926445686395176E-5
0.25500000000000006       1.0092457326523815E-4
0.25999999999999995       1.0246194979734607E-4
0.26499999999999996       1.038700973970473E-4
0.26999999999999996       1.0514350570380515E-4
0.27499999999999997       1.0627773298626046E-4
0.2800000000000001        1.072694781912604E-4
0.2850000000000001        1.08116632543435E-4
0.29                      1.088183087038017E-4
0.295                     1.0937484619742744E-4
0.3                       1.097877926137589E-4
0.295                     1.025937318884784E-4
0.29                      9.599308895894282E-5
0.2850000000000001        9.066023888646186E-5
0.2800000000000001        8.59827672687937E-5
0.2750000000000001        8.1783675929558E-5
0.26999999999999996       7.796844263288457E-5
0.26499999999999996       7.445952240939813E-5
0.25999999999999995       7.120291881836555E-5
0.25500000000000006       6.81595968528302E-5
0.25000000000000006       6.52996980404145E-5
0.24499999999999994       6.260199048381967E-5
0.23999999999999994       6.0045000295581124E-5
0.23499999999999993       5.761346769848497E-5
0.22999999999999993       5.529581194462898E-5
0.22500000000000003       5.308186466172105E-5
0.22000000000000003       5.0962852949481E-5
0.21500000000000002       4.893150992722538E-5
0.21000000000000002       4.698168830888475E-5
0.20500000000000002       4.5108031500926226E-5
0.20000000000000012       4.330585857315454E-5
0.19499999999999995       4.157108191482628E-5
0.19                      3.990009697931238E-5
0.185                     3.828968871253874E-5
0.18                      3.673696717099985E-5
0.17500000000000004       3.52393149548905E-5
0.16999999999999993       3.3794339316710135E-5
0.16499999999999992       3.2399831418069265E-5
0.15999999999999998       3.105373278074999E-5
0.15499999999999997       2.9754106553531704E-5
0.14999999999999997       2.8499112255347653E-5
0.14500000000000002       2.728698362068462E-5
0.14                      2.6116009051316824E-5
0.13500000000000006       2.4984514034206737E-5
0.13000000000000006       2.389084503211577E-5
0.1250000000000001        2.2833354480353677E-5
0.12                      2.1810386543827165E-5
0.11499999999999999       2.0820263299220613E-5
0.10999999999999999       1.986127103786284E-5
0.10500000000000004       1.8931646408347566E-5
0.10000000000000003       1.8029562127724976E-5
0.09499999999999992       1.7153111996768122E-5
0.09000000000000008       1.6300294960163888E-5
0.08499999999999996       1.546899795690735E-5
0.07999999999999996       1.4656977310156366E-5
0.07500000000000001       1.386183840967045E-5
0.07                      1.3081013446733157E-5
0.06500000000000006       1.2311736976249752E-5
0.06000000000000005       1.1551019101330325E-5
0.05499999999999994       1.0795616108859669E-5
0.0500000000000001        1.00419984361514E-5
0.044999999999999984      9.286315921346626E-6
0.04000000000000015       8.524360397321082E-6
0.03500000000000003       7.751525833080218E-6
0.029999999999999916      6.962766424028064E-6
0.025000000000000022      6.152553305939361E-6
0.019999999999999907      5.314830915122011E-6
0.015000000000000069      4.4429744767125985E-6
0.009999999999999953      3.529750701376324E-6
0.0050000000000000044     2.567284517609608E-6
0                         1.5470355973185621E-6
-0.0050000000000000044    4.5978958289632273E-7
-0.009999999999999953     -7.043296967280481E-7
-0.014999999999999958     -1.955819133111241E-6
-0.020000000000000073     -3.3057166280411177E-6
-0.02499999999999991      -4.765471005605514E-6
-0.030000000000000027     -6.346747642062061E-6
-0.034999999999999865     -8.061151019478269E-6
-0.03999999999999998      -9.919871260095663E-6
-0.045000000000000095     -1.1933107238425797E-5
-0.04999999999999993      -1.4109811639215569E-5
-0.05500000000000008      -1.6456394658678726E-5
-0.06000000000000005      -1.897603000810691E-5
-0.06500000000000003      -2.1667823815154746E-5
-0.07                     -2.4525500072000658E-5
-0.07500000000000001      -2.753622434919901E-5
-0.07999999999999999      -3.0679347725091765E-5
-0.0850000000000001       -3.392537629531418E-5
-0.08999999999999994      -3.723524624746361E-5
-0.09500000000000006      -4.0560081977590174E-5
-0.0999999999999999       -4.383582255691101E-5
-0.10500000000000001      -4.700728834605288E-5
-0.11000000000000013      -4.999903017614621E-5
-0.11499999999999999      -5.273626772785055E-5
-0.1200000000000001       -5.51475968234474E-5
-0.12499999999999994      -5.7168785831326876E-5
-0.13000000000000006      -5.8748011679201227E-5
-0.13500000000000004      -5.985048881423865E-5
-0.14000000000000004      -6.046178886856019E-5
-0.14500000000000002      -6.058929103710908E-5
-0.15                     -6.026140683422065E-5
-0.15499999999999997      -5.9524613273626375E-5
-0.1600000000000001       -5.843873748012985E-5
-0.16499999999999995      -5.7071253777106496E-5
-0.17000000000000007      -5.549149345683227E-5
-0.1749999999999999       -5.376558967349601E-5
-0.18000000000000002      -5.195272152710125E-5
-0.18500000000000014      -5.010287857157381E-5
-0.19                     -4.825605081167277E-5
-0.19500000000000012      -4.644253800870782E-5
-0.19999999999999996      -4.468398899392536E-5
-0.20500000000000007      -4.2994803961109846E-5
-0.21000000000000005      -4.138361617905711E-5
-0.21500000000000002      -3.985467095771781E-5
-0.22000000000000003      -3.840900922320792E-5
-0.22499999999999998      -3.704542726639701E-5
-0.22999999999999998      -3.5761222476840626E-5
-0.2350000000000001       -3.455275321543722E-5
-0.23999999999999994      -3.3415846799979846E-5
-0.24500000000000005      -3.234608862164467E-5
-0.2499999999999999       -3.133902124516919E-5
-0.255                    -3.0390277049625136E-5
-0.2600000000000001       -2.9495662773069053E-5
-0.26499999999999996      -2.8651209853393052E-5
-0.2700000000000001       -2.7853200866642657E-5
-0.27499999999999997      -2.7098179580796638E-5
-0.2800000000000001       -2.638324052594298E-5
-0.28500000000000003      -2.570553843195941E-5
-0.29000000000000004      -2.506136143340253E-5
-0.295                    -2.4449049088385926E-5
-0.3                      -2.3866416405997897E-5
