% Model:              Untitled.mph
% Version:            COMSOL 6.0.0.405
% Date:               Oct 7 2022, 13:01
% Dimension:          1
% Nodes:              241
% Expressions:        1
% Description:        Global
% -E_time (V)             Value
-0.3                      3.3626504507885364E-8
-0.295                    6.255045878710004E-9
-0.29                     6.045821800725945E-9
-0.285                    6.573222356102079E-9
-0.27999999999999997      7.533569650508196E-9
-0.27499999999999997      8.89662681070084E-9
-0.27                     1.0721666515756682E-8
-0.265                    1.2955482854642237E-8
-0.26                     1.5669191202135636E-8
-0.255                    1.8974159715361586E-8
-0.25                     2.2956305045816977E-8
-0.245                    2.781836159551066E-8
-0.24                     3.373854549480379E-8
-0.235                    4.093661699068973E-8
-0.22999999999999998      4.968611151180289E-8
-0.22499999999999998      6.031913417800151E-8
-0.21999999999999997      7.323911810714313E-8
-0.215                    8.893627138232292E-8
-0.21                     1.080059978061419E-7
-0.20500000000000002      1.3117133195925336E-7
-0.2                      1.5931016600376822E-7
-0.195                    1.9348824494189582E-7
-0.19                     2.3499913330663678E-7
-0.185                    2.854125921278148E-7
-0.18                     3.466330869724038E-7
-0.175                    4.209704784792246E-7
-0.16999999999999998      5.112253292050174E-7
-0.16499999999999998      6.207916977708163E-7
-0.16                     7.537807824974621E-7
-0.15499999999999997      9.151693152894788E-7
-0.15                     1.1109771762690482E-6
-0.14500000000000002      1.3484792693117996E-6
-0.13999999999999999      1.6364572138467192E-6
-0.13499999999999998      1.985496780201759E-6
-0.13                     2.4083370850116633E-6
-0.12500000000000003      2.9202771579618706E-6
-0.12                     3.5396442782397263E-6
-0.11499999999999999      4.2883260071849286E-6
-0.11000000000000001      5.192363479590351E-6
-0.10499999999999998      6.28259639822005E-6
-0.1                      7.595339175015378E-6
-0.095                    9.173051370897938E-6
-0.09                     1.1064942377261337E-5
-0.08500000000000002      1.332741850377695E-5
-0.07999999999999999      1.6024239043652177E-5
-0.07500000000000001      1.9226196454252766E-5
-0.06999999999999998      2.3010077073067514E-5
-0.065                    2.7456599950352032E-5
-0.06                     3.2646986833372436E-5
-0.05499999999999999      3.865781048508954E-5
-0.05000000000000002      4.5553837245738134E-5
-0.044999999999999984     5.337876808253715E-5
-0.03999999999999998      6.214413456256294E-5
-0.034999999999999976     7.181714428073643E-5
-0.02999999999999997      8.230896062767985E-5
-0.025000000000000022     9.346561734949943E-5
-0.020000000000000018     1.0506426861253546E-4
-0.015000000000000013     1.168174376323957E-4
-0.009999999999999953     1.2838705836280161E-4
-0.0050000000000000044    1.394083233192541E-4
0                         1.4952095633036564E-4
0.0050000000000000044     1.5840322898968677E-4
0.009999999999999953      1.6580272556473524E-4
0.015000000000000013      1.715581879821242E-4
0.020000000000000018      1.756087702022134E-4
0.024999999999999967      1.7799002344634932E-4
0.030000000000000027      1.7881885425572182E-4
0.03500000000000003       1.7827161265613183E-4
0.03999999999999998       1.7655997283858206E-4
0.044999999999999984      1.7390854989054972E-4
0.04999999999999993       1.70536798621253E-4
0.05499999999999999       1.6664624888577132E-4
0.06                      1.6241294706743938E-4
0.06500000000000006       1.5798425189194666E-4
0.07                      1.5347884243121658E-4
0.07500000000000001       1.4898881219230472E-4
0.07999999999999996       1.4458290709400983E-4
0.08499999999999996       1.4031020768375278E-4
0.09000000000000002       1.3620378902317863E-4
0.09499999999999997       1.3228408267564558E-4
0.09999999999999998       1.2856180546503938E-4
0.10499999999999998       1.2504041346251657E-4
0.10999999999999999       1.2171809658745242E-4
0.11499999999999999       1.1858935960573951E-4
0.12                      1.156462480885593E-4
0.12499999999999994       1.1287927987921167E-4
0.12999999999999995       1.1027813860802357E-4
0.13500000000000006       1.0783217894994562E-4
0.14                      1.0553078557176927E-4
0.14500000000000002       1.0336362016206643E-4
0.14999999999999997       1.0132168385770313E-4
0.15499999999999997       9.939766827199325E-5
0.16000000000000003       9.757919149324129E-5
0.16499999999999998       9.585629060907021E-5
0.16999999999999998       9.422315638009114E-5
0.175                     9.267391554015423E-5
0.18                      9.120181598167384E-5
0.185                     8.980078922634134E-5
0.19                      8.846571986274185E-5
0.19499999999999995       8.719187521588947E-5
0.19999999999999996       8.5974781109877E-5
0.20500000000000002       8.48103712615992E-5
0.21000000000000002       8.369498319792243E-5
0.21500000000000002       8.262526695962562E-5
0.22000000000000003       8.159814741212844E-5
0.22500000000000003       8.061081681443685E-5
0.23000000000000004       7.966071244485037E-5
0.23500000000000004       7.874548754936E-5
0.24000000000000005       7.786298995209775E-5
0.24499999999999994       7.70112453303592E-5
0.24999999999999994       7.618844046433973E-5
0.25500000000000006       7.539290731107901E-5
0.25999999999999995       7.462310919123064E-5
0.26499999999999996       7.387762861440929E-5
0.26999999999999996       7.315515616652321E-5
0.27499999999999997       7.245448045059365E-5
0.2800000000000001        7.17744791062318E-5
0.2850000000000001        7.111411076561045E-5
0.29                      7.047240780839831E-5
0.295                     6.984846984252558E-5
0.3                       6.924145784649894E-5
0.295                     6.864536741332106E-5
0.29                      6.806559935821693E-5
0.2850000000000001        6.750340819060697E-5
0.2800000000000001        6.695517668974325E-5
0.2750000000000001        6.64193634145641E-5
0.26999999999999996       6.589631501323371E-5
0.26499999999999996       6.53856631969724E-5
0.25999999999999995       6.488643986792252E-5
0.25500000000000006       6.43979628938065E-5
0.25000000000000006       6.391976757114488E-5
0.24499999999999994       6.345129860071539E-5
0.23999999999999994       6.299192585072518E-5
0.23499999999999993       6.254103297370596E-5
0.22999999999999993       6.209799745587423E-5
0.22500000000000003       6.166214698316378E-5
0.22000000000000003       6.123274892830182E-5
0.21500000000000002       6.080900386379571E-5
0.21000000000000002       6.039002458862309E-5
0.20500000000000002       5.9974809427786155E-5
0.20000000000000012       5.9562214514150444E-5
0.19499999999999995       5.915092093301465E-5
0.19                      5.873939381172262E-5
0.185                     5.832583292260848E-5
0.18                      5.790811359474066E-5
0.17500000000000004       5.748371555025844E-5
0.16999999999999993       5.704963707105244E-5
0.16499999999999992       5.660229173064773E-5
0.15999999999999998       5.613738437765723E-5
0.15499999999999997       5.5649762437545E-5
0.14999999999999997       5.5133238050181864E-5
0.14500000000000002       5.4580376016341296E-5
0.14                      5.398224200329389E-5
0.13500000000000006       5.3328105077166527E-5
0.13000000000000006       5.2605088537343576E-5
0.1250000000000001        5.179776342653038E-5
0.12                      5.088583533768554E-5
0.11499999999999999       4.985477926524267E-5
0.10999999999999999       4.867124001405038E-5
0.10500000000000004       4.730527452522563E-5
0.10000000000000003       4.572127079751675E-5
0.09499999999999992       4.3876703981669615E-5
0.09000000000000008       4.1722349297600275E-5
0.08499999999999996       3.920180328677583E-5
0.07999999999999996       3.625128960806098E-5
0.07500000000000001       3.279998009279544E-5
0.07                      2.8771020855492178E-5
0.06500000000000006       2.408357223483923E-5
0.06000000000000005       1.8656212925620375E-5
0.05499999999999994       1.2412062609756383E-5
0.0500000000000001        5.2859118498255596E-6
0.044999999999999984      -2.7665365204749877E-6
0.04000000000000015       -1.1757557063263862E-5
0.03500000000000003       -2.1655185742842275E-5
0.029999999999999916      -3.237137692579141E-5
0.025000000000000022      -4.375343792329574E-5
0.019999999999999907      -5.557929805996704E-5
0.015000000000000069      -6.75613290922353E-5
0.009999999999999953      -7.936052005374108E-5
0.0050000000000000044     -9.061138178418978E-5
0                         -1.0095248719077495E-4
-0.0050000000000000044    -1.1006004458237795E-4
-0.009999999999999953     -1.1767931728154565E-4
-0.014999999999999958     -1.2364724632859387E-4
-0.020000000000000073     -1.27901985816638E-4
-0.02499999999999991      -1.3047884767254647E-4
-0.030000000000000027     -1.314951466479264E-4
-0.034999999999999865     -1.3112812839073828E-4
-0.03999999999999998      -1.2959064558288892E-4
-0.045000000000000095     -1.2710857814685436E-4
-0.04999999999999993      -1.239025756436449E-4
-0.05500000000000008      -1.2017518765427922E-4
-0.06000000000000005      -1.1610326024809649E-4
-0.06500000000000003      -1.1183473547944577E-4
-0.07                     -1.0748868469642591E-4
-0.07500000000000001      -1.031574333608077E-4
-0.07999999999999999      -9.890983408760207E-5
-0.0850000000000001       -9.479498638034043E-5
-0.08999999999999994      -9.084592882796838E-5
-0.09500000000000006      -8.7083023355181E-5
-0.0999999999999999       -8.351689847039837E-5
-0.10500000000000001      -8.015091438147754E-5
-0.11000000000000013      -7.69831668310767E-5
-0.11499999999999999      -7.400807437699531E-5
-0.1200000000000001       -7.121760707779886E-5
-0.12499999999999994      -6.860221821026537E-5
-0.13000000000000006      -6.615153723062965E-5
-0.13500000000000004      -6.385487455044774E-5
-0.14000000000000004      -6.170157996738694E-5
-0.14500000000000002      -5.968128880520707E-5
-0.15                     -5.778408336314742E-5
-0.15499999999999997      -5.600059171276983E-5
-0.1600000000000001       -5.4322040974499895E-5
-0.16499999999999995      -5.274027809317193E-5
-0.17000000000000007      -5.124776790440192E-5
-0.1749999999999999       -4.98375758066097E-5
-0.18000000000000002      -4.850334043724026E-5
-0.18500000000000014      -4.7239769415645216E-5
-0.19                     -4.604187561994555E-5
-0.19500000000000012      -4.49037275301491E-5
-0.19999999999999996      -4.3820395684255046E-5
-0.20500000000000007      -4.278830901052054E-5
-0.21000000000000005      -4.18040820158483E-5
-0.21500000000000002      -4.086426980549133E-5
-0.22000000000000003      -3.9965758336477924E-5
-0.22499999999999998      -3.910581665805959E-5
-0.22999999999999998      -3.8281931584987816E-5
-0.2350000000000001       -3.7491762637306575E-5
-0.23999999999999994      -3.673317027947646E-5
-0.24500000000000005      -3.600420484935703E-5
-0.2499999999999999       -3.530307393312325E-5
-0.255                    -3.462812509795667E-5
-0.2600000000000001       -3.397783750865745E-5
-0.26499999999999996      -3.3350810362640365E-5
-0.2700000000000001       -3.274575022304916E-5
-0.27499999999999997      -3.216146091022533E-5
-0.2800000000000001       -3.159683507234549E-5
-0.28500000000000003      -3.1050846157601806E-5
-0.29000000000000004      -3.052254098454127E-5
-0.295                    -3.0011033215994392E-5
-0.3                      -2.9515497572784066E-5
