% Model:              Untitled.mph
% Version:            COMSOL 6.0.0.405
% Date:               Sep 29 2022, 12:32
% Dimension:          1
% Nodes:              241
% Expressions:        1
% Description:        Global
% -E_time (V)             Value
-0.3                      3.3570263377035716E-8
-0.295                    6.016108840756167E-9
-0.29                     6.065533787102672E-9
-0.285                    6.5733055764932866E-9
-0.27999999999999997      7.532154284771956E-9
-0.27499999999999997      8.8599226154619E-9
-0.27                     1.0759355689972329E-8
-0.265                    1.300423782190106E-8
-0.26                     1.567507017852603E-8
-0.255                    1.8958742006118935E-8
-0.25                     2.297393480508297E-8
-0.245                    2.786133786483923E-8
-0.24                     3.3758120657409755E-8
-0.235                    4.0947485531100446E-8
-0.22999999999999998      4.969399537938505E-8
-0.22499999999999998      6.032379362905054E-8
-0.21999999999999997      7.324060051073161E-8
-0.215                    8.893434854874999E-8
-0.21                     1.0799997117192336E-7
-0.20500000000000002      1.311600663802554E-7
-0.2                      1.592919784981658E-7
-0.195                    1.9346071707971027E-7
-0.19                     2.349588458388517E-7
-0.185                    2.853547485632103E-7
-0.18                     3.465509860291115E-7
-0.175                    4.20854779025679E-7
-0.16999999999999998      5.110630285606758E-7
-0.16499999999999998      6.205647138462768E-7
-0.16                     7.53463988691312E-7
-0.15499999999999997      9.147278203082731E-7
-0.15                     1.1103625638454867E-6
-0.14500000000000002      1.3476244082998967E-6
-0.13999999999999999      1.6352691085938827E-6
-0.13499999999999998      1.983846743482996E-6
-0.13                     2.4060472679733043E-6
-0.12500000000000003      2.9171021484236695E-6
-0.12                     3.5352460647403554E-6
-0.11499999999999999      4.282240088022183E-6
-0.11000000000000001      5.183953268409615E-6
-0.10499999999999998      6.270992352940991E-6
-0.1                      7.579358302186821E-6
-0.095                    9.151092041030528E-6
-0.09                     1.103484893629939E-5
-0.08500000000000002      1.3286310342551917E-5
-0.07999999999999999      1.5968300168698684E-5
-0.07500000000000001      1.9150425045370575E-5
-0.06999999999999998      2.2908001172304046E-5
-0.065                    2.7319976679659952E-5
-0.06                     3.2465519680091855E-5
-0.05499999999999999      3.841894277546844E-5
-0.05000000000000002      4.5242708582119864E-5
-0.044999999999999984     5.297844931621762E-5
-0.03999999999999998      6.163627559205217E-5
-0.034999999999999976     7.118316144155911E-5
-0.02999999999999997      8.153183691115784E-5
-0.025000000000000022     9.253227324938043E-5
-0.020000000000000018     1.0396828500907689E-4
-0.015000000000000013     1.1556170711021023E-4
-0.009999999999999953     1.2698577720893605E-4
-0.0050000000000000044    1.3788770412784336E-4
0                         1.4791821123657508E-4
0.0050000000000000044     1.5676374406150127E-4
0.009999999999999953      1.6417581576867564E-4
0.015000000000000013      1.6999221742505246E-4
0.020000000000000018      1.741465846259011E-4
0.024999999999999967      1.7666551083392933E-4
0.030000000000000027      1.7765509414049488E-4
0.03500000000000003       1.7728064868957044E-4
0.03999999999999998       1.7574389899030162E-4
0.044999999999999984      1.7326142290127904E-4
0.04999999999999993       1.7004687908070507E-4
0.05499999999999999       1.6629817607356567E-4
0.06                      1.621895998024456E-4
0.06500000000000006       1.5786818594367926E-4
0.07                      1.534532972081331E-4
0.07500000000000001       1.490383399316156E-4
0.07999999999999996       1.4469370371751242E-4
0.08499999999999996       1.40470227205038E-4
0.09000000000000002       1.364027134429211E-4
0.09499999999999997       1.3251320437513092E-4
0.09999999999999998       1.2881386388027873E-4
0.10499999999999998       1.2530941462048195E-4
0.10999999999999999       1.2199913371222877E-4
0.11499999999999999       1.1887844540975668E-4
0.12                      1.159401641263356E-4
0.12499999999999994       1.1317544492783153E-4
0.12999999999999995       1.1057449595167551E-4
0.13500000000000006       1.0812710127477179E-4
0.14                      1.0582299560953603E-4
0.14500000000000002       1.0365212503141751E-4
0.14999999999999997       1.0160570013847611E-4
0.15499999999999997       9.96766541045254E-5
0.16000000000000003       9.785274922809086E-5
0.16499999999999998       9.61240984274509E-5
0.16999999999999998       9.44849813295093E-5
0.175                     9.292962485299128E-5
0.18                      9.145134821233542E-5
0.185                     9.004412587781012E-5
0.19                      8.870287866393395E-5
0.19499999999999995       8.742290791679084E-5
0.19999999999999996       8.619976558378709E-5
0.20500000000000002       8.502940369285885E-5
0.21000000000000002       8.3908173960292E-5
0.21500000000000002       8.283273782546432E-5
0.22000000000000003       8.180002851961066E-5
0.22500000000000003       8.080724401278673E-5
0.23000000000000004       7.985182540724187E-5
0.23500000000000004       7.893142831255598E-5
0.24000000000000005       7.804390164723635E-5
0.24499999999999994       7.718727113705887E-5
0.24999999999999994       7.635972279932987E-5
0.25500000000000006       7.555958718606092E-5
0.25999999999999995       7.478532569253949E-5
0.26499999999999996       7.403551849037801E-5
0.26999999999999996       7.330885350888576E-5
0.27499999999999997       7.260411645074294E-5
0.2800000000000001        7.192018187140048E-5
0.2850000000000001        7.12560051852993E-5
0.29                      7.061061546277545E-5
0.295                     6.998310894513449E-5
0.3                       6.937264321503122E-5
0.295                     6.875988327631911E-5
0.29                      6.816613155546003E-5
0.2850000000000001        6.759782088792012E-5
0.2800000000000001        6.704385091522712E-5
0.2750000000000001        6.650037150759993E-5
0.26999999999999996       6.597019791973048E-5
0.26499999999999996       6.545356447734068E-5
0.25999999999999995       6.494852167550512E-5
0.25500000000000006       6.445410001975603E-5
0.25000000000000006       6.397009341221171E-5
0.24499999999999994       6.349598277943987E-5
0.23999999999999994       6.303100763700388E-5
0.23499999999999993       6.257450287870279E-5
0.22999999999999993       6.212585514535898E-5
0.22500000000000003       6.168437803655784E-5
0.22000000000000003       6.124930962425374E-5
0.21500000000000002       6.081983134625524E-5
0.21000000000000002       6.039504379470961E-5
0.20500000000000002       5.9973931867204674E-5
0.20000000000000012       5.955533823506421E-5
0.19499999999999995       5.913793323470298E-5
0.19                      5.8720173889294044E-5
0.185                     5.830025418424548E-5
0.18                      5.7876046765254165E-5
0.17500000000000004       5.744503289541365E-5
0.16999999999999993       5.700421772278619E-5
0.16499999999999992       5.65500284268354E-5
0.15999999999999998       5.607819214025265E-5
0.15499999999999997       5.558358973554457E-5
0.14999999999999997       5.506008108873442E-5
0.14500000000000002       5.4500296980076046E-5
0.14                      5.389539228222103E-5
0.13500000000000006       5.3234754713338807E-5
0.13000000000000006       5.250566337052882E-5
0.1250000000000001        5.1692891676039814E-5
0.12                      5.077643164125529E-5
0.11499999999999999       4.9741921073362956E-5
0.10999999999999999       4.855665840419968E-5
0.10500000000000004       4.719113078270902E-5
0.10000000000000003       4.561036033983809E-5
0.09499999999999992       4.3772623275184645E-5
0.09000000000000008       4.162964574258683E-5
0.08499999999999996       3.9126147330531345E-5
0.07999999999999996       3.619964693912627E-5
0.07500000000000001       3.278076198609029E-5
0.07                      2.8794182278657712E-5
0.06500000000000006       2.4160612338973387E-5
0.06000000000000005       1.8800017412190108E-5
0.05499999999999994       1.2636514405138864E-5
0.0500000000000001        5.605191228986833E-6
0.044999999999999984      -2.339029790791792E-6
0.04000000000000015       -1.1210688084942146E-5
0.03500000000000003       -2.09819301600292E-5
0.029999999999999916      -3.1570868894047415E-5
0.025000000000000022      -4.2832811096629964E-5
0.019999999999999907      -5.45551373728795E-5
0.015000000000000069      -6.645999286825131E-5
0.009999999999999953      -7.821712959121345E-5
0.0050000000000000044     -8.946715246809834E-5
0                         -9.985078857369494E-5
-0.0050000000000000044    -1.0904176300278037E-4
-0.009999999999999953     -1.1677849234877208E-4
-0.014999999999999958     -1.2288786658914714E-4
-0.020000000000000073     -1.272964723039323E-4
-0.02499999999999991      -1.3002832790546295E-4
-0.030000000000000027     -1.3119120263152819E-4
-0.034999999999999865     -1.3095542445085563E-4
-0.03999999999999998      -1.295297875268337E-4
-0.045000000000000095     -1.2713868871781913E-4
-0.04999999999999993      -1.2400329011039418E-4
-0.05500000000000008      -1.2032798141800267E-4
-0.06000000000000005      -1.1629216703378209E-4
-0.06500000000000003      -1.1204659019787768E-4
-0.07                     -1.0771304249687737E-4
-0.07500000000000001      -1.0338629837036153E-4
-0.07999999999999999      -9.913729960432998E-5
-0.0850000000000001       -9.501685611414873E-5
-0.08999999999999994      -9.105936126695506E-5
-0.09500000000000006      -8.728622024662667E-5
-0.0999999999999999       -8.370884435726751E-5
-0.10500000000000001      -8.033116619232858E-5
-0.11000000000000013      -7.715168861204547E-5
-0.11499999999999999      -7.416511056549016E-5
-0.1200000000000001       -7.136358730941001E-5
-0.12499999999999994      -6.873768708923555E-5
-0.13000000000000006      -6.627710341355241E-5
-0.13500000000000004      -6.397117454096054E-5
-0.14000000000000004      -6.180925297210438E-5
-0.14500000000000002      -5.9780959792004486E-5
-0.15                     -5.7876352114078135E-5
-0.15499999999999997      -5.608602619999051E-5
-0.1600000000000001       -5.4401173810876936E-5
-0.16499999999999995      -5.281360512642575E-5
-0.17000000000000007      -5.1315748261850226E-5
-0.1749999999999999       -4.990063288646107E-5
-0.18000000000000002      -4.856244479274671E-5
-0.18500000000000014      -4.729524607366609E-5
-0.19                     -4.609227713359372E-5
-0.19500000000000012      -4.494990343672572E-5
-0.19999999999999996      -4.386376774196671E-5
-0.20500000000000007      -4.282898392844829E-5
-0.21000000000000005      -4.18418508927418E-5
-0.21500000000000002      -4.089937475066603E-5
-0.22000000000000003      -3.99985281016151E-5
-0.22499999999999998      -3.913640509245682E-5
-0.22999999999999998      -3.831044732061699E-5
-0.2350000000000001       -3.751835613300686E-5
-0.23999999999999994      -3.6757990244481866E-5
-0.24500000000000005      -3.6027371284405495E-5
-0.2499999999999999       -3.532469399770128E-5
-0.255                    -3.464830282347984E-5
-0.2600000000000001       -3.3996669623506395E-5
-0.26499999999999996      -3.3368384235897375E-5
-0.2700000000000001       -3.276214615192867E-5
-0.27499999999999997      -3.217675357833753E-5
-0.2800000000000001       -3.16110935605972E-5
-0.28500000000000003      -3.1064134173469555E-5
-0.29000000000000004      -3.0534917483536155E-5
-0.295                    -3.0022552889836732E-5
-0.3                      -2.9526211163574736E-5
